.333333
1.000000
1.000000
0.500000
.000000
.666667
.666667
1.000000
1.000000
0.714286
6.000000
1.000000
1.000000
0.666667
1.000000
0.250000
0.285714
1.000000
1.000000
1.133333
.000000
0.272727
1.000000
1.000000
0.333333
1.000000
0.666667
2.000000
1.000000
.000000
1.000000
0.250000
0.666667
1.000000
0.833333
2.000000
0.500000
1.000000
1.000000
.000000
.666667
1.000000
0.428571
1.000000
1.333333
0.333333
1.000000
2.000000
0.500000
.333333
0.333333
0.500000
1.200000
1.000000
1.000000
1.000000
1.000000
1.000000
.000000
.500000
0.500000
0.500000
1.000000
0.250000
1.000000
2.000000
1.000000
1.000000
.423077
.500000
1.000000
0.333333
0.250000
1.000000
0.750000
2.000000
.250000
.000000
1.000000
0.125000
1.000000
1.000000
1.000000
1.000000
1.000000
1.000000
0.666667
0.333333
 0.333333
 0.200000
 0.666667
 1.000000
 1.000000
 1.000000
 1.000000
1.000000
0.500000
 1.000000
 0.250000
 0.333333
 0.066667
 0.181818
 1.000000
 0.200000
 1.000000
 1.000000
 1.000000
 1.000000
1.000000
 0.400000
 0.333333
 0.142857
 0.900000
1.000000
0.750000
1.000000
 1.333333
 1.000000
 0.166667
 0.111111
 0.125000
 0.090909
 0.500000
 2.000000
0.500000
0.333333
 3.000000
 0.666667
 1.000000
 0.250000
 0.868421
 0.333333
 0.333333
 0.500000
 0.142857
 1.000000
 1.000000
1.000000
 1.000000
 1.000000
 0.111111
 0.333333
 1.000000
 1.000000
 1.000000
0.800000
0.250000
0.714286
0.166667
 0.500000
 1.000000
 1.000000
 0.090909
 0.166667
 1.000000
 2.000000
 1.000000
 0.500000
0.600000
0.125000
0.333333
0.666667
 0.750000
 1.000000
 3.000000
 0.222222
 0.500000
 0.500000
 0.142857
 0.500000
 1.000000
 1.000000
 1.000000
0.357143
0.500000
 0.333333
 0.800000
 1.266667
 2.000000
 1.500000
 1.000000
 0.200000
 0.666667
 0.166667
 0.500000
 0.666667
 1.000000
 0.028571
 1.000000
1.000000
1.000000
 0.333333
 1.000000
 0.846154
 1.500000
 2.000000
 1.000000
 1.000000
 1.000000
 0.090909
 0.031250
 0.500000
 0.166667
 0.400000
 1.000000
 1.500000
 3.000000
 4.000000
 1.000000
 0.062500
 0.032609
 0.100000
 0.048780
 0.108434
 0.139130
 0.031250
 0.600000
 2.000000
 0.111111
 1.000000
1.000000
 1.000000
 1.000000
 1.500000
 2.000000
 1.000000
 0.333333
 0.700000
 0.062500
 0.250000
 1.250000
 0.030303
 0.017857
 0.133929
 0.023810
 0.046099
 0.084577
 0.040996
 0.008403
 0.008696
 0.050000
 1.333333
 1.000000
 0.015152
 0.017241
 1.000000
1.000000
1.000000
 1.000000
 1.250000
 1.200000
 0.400000
 0.125000
 1.000000
 0.269231
 0.043478
 0.028169
 0.097561
 0.096774
 0.553571
 0.049470
 0.407738
 0.067039
 0.026087
 0.095588
 0.034483
 0.243902
 0.500000
 0.800000
 1.000000
 0.076923
 0.015873
 0.017241
 1.000000
 0.142857
 0.111111
 0.142857
 0.055556
 1.500000
 0.500000
 0.750000
 0.946667
 0.300000
 0.400000
 0.500000
 0.062500
 0.071429
 0.142857
 0.074074
 0.042169
 0.008772
 0.138889
 0.034826
 0.205128
 0.044706
 0.131507
 0.019608
 0.064516
 0.157895
 0.666667
 0.200000
 1.000000
 0.150000
 0.025641
 0.013699
 0.052632
 0.071429
 1.000000
 0.111111
 0.071429
 0.083333
 0.100000
 0.076923
 0.111111
 0.100000
 0.111111
 1.000000
 1.000000
 1.000000
 1.000000
 2.000000
 0.333333
 0.100000
 2.000000
 0.714286
 1.000000
 0.333333
 0.066667
 0.033333
 0.105263
 0.098592
 0.024000
 0.021505
 0.048000
 0.027907
 0.245098
 0.048980
 0.046205
 0.122449
 0.079646
 0.090909
 0.777778
 1.000000
 0.500000
 0.500000
 0.666667
 0.083333
 0.083333
 0.012195
 0.555556
0.500000
1.000000
1.000000
 1.000000
 3.000000
 1.000000
 0.600000
 1.000000
 0.187500
 0.027027
 0.062500
 0.065217
 0.120000
 0.105263
 0.112392
 0.078740
 0.033520
 0.096491
 0.061765
 0.248619
 0.096639
 0.039039
 0.064000
 0.054455
 0.054054
 0.333333
 0.085366
 0.333333
 1.500000
 0.166667
 0.041667
 0.111111
 0.095238
 0.024590
 0.021978
 0.031250
 0.100000
0.500000
1.000000
 1.000000
 0.333333
 0.090909
 1.500000
 0.111111
 0.125000
 0.052632
 0.056604
 0.093333
 0.090909
 0.166667
 0.666667
 0.292683
 0.027473
 0.104348
 0.064309
 0.109920
 0.054645
 0.109541
 0.079365
 0.072314
 0.059233
 0.016393
 0.037037
 0.041667
 0.150000
 0.066667
 0.823529
 0.900000
 0.136364
 0.500000
 0.250000
 0.019231
 0.049180
 0.022727
 0.187500
 0.133333
 1.000000
 0.375000
 0.166667
 0.483871
 0.333333
 0.214286
 0.176471
 1.000000
 0.062500
 0.142857
 0.222222
 0.075000
 0.500000
 0.600000
 0.121212
 0.054688
 0.048193
 0.024896
 0.097473
 0.051351
 0.053030
 0.087500
 0.077307
 0.115974
 0.134361
 0.036337
 0.040293
 0.013575
 0.021053
 0.062500
 0.012987
 0.023810
 0.500000
 1.000000
 0.666667
 1.166667
 0.066667
 0.027778
 0.059701
 0.030000
 1.000000
 1.000000
 0.038462
 0.500000
 0.086957
 0.055556
 0.591837
 0.142857
 0.034483
 0.150000
 0.045455
 0.021739
 0.076923
 0.043478
 0.035480
 0.014706
 0.055762
 0.078788
 0.065385
 0.086022
 0.189560
 0.053459
 0.056266
 0.152642
 0.050761
 0.019324
 0.004132
 0.033175
 0.049587
 0.064516
 0.056604
 0.285714
 0.500000
 0.125000
 1.000000
 1.111111
 2.000000
 0.157895
 0.055556
 0.250000
 0.015152
 0.013514
1.000000
0.666667
 1.000000
 1.000000
 0.500000
 1.000000
 1.000000
 0.230769
 0.533333
 0.250000
 0.035714
 0.076923
 0.117647
 0.058824
 1.500000
 0.023460
 0.034876
 0.079882
 0.069959
 0.018692
 0.029304
 0.047619
 0.059937
 0.092683
 0.802867
 0.120072
 0.177645
 0.049658
 0.028571
 0.059925
 0.014815
 0.055215
 0.027397
 0.037500
 0.421053
 0.012821
 0.500000
 1.000000
 1.500000
 0.250000
 1.166667
 3.000000
 0.666667
 0.403846
 0.038462
 0.037037
 1.000000
 0.250000
 1.000000
 1.000000
 0.250000
 0.166667
 0.086957
 0.083333
 0.200000
 0.473684
 0.090909
 0.142857
 0.172414
 0.013274
 0.032929
 0.088092
 0.020588
 0.031073
 0.057762
 0.532819
 0.085106
 0.826230
 0.107050
 0.156576
 0.061503
 0.038095
 0.026087
 0.140893
 0.102041
 0.012121
 0.019231
 0.018182
 1.000000
 0.956522
 1.000000
 1.000000
 1.100000
 1.333333
 0.200000
 0.041667
 0.066667
 0.038462
 0.062500
0.250000
 0.500000
 1.000000
 1.937500
 0.571429
 0.500000
 0.100000
 0.125000
 0.062500
 0.033333
 0.333333
 1.000000
 0.025806
 0.028846
 0.032512
 0.037037
 0.011561
 0.034946
 0.110320
 0.005155
 0.059041
 0.144444
 0.164966
 0.216906
 0.071295
 0.123457
 0.135531
 0.106122
 0.042683
 0.035533
 0.028249
 0.040816
 0.029412
 2.000000
 0.500000
 1.000000
 1.500000
 5.000000
 1.000000
 0.941176
 0.033333
 0.250000
 0.065217
 0.019231
 0.021739
 0.054054
 0.200000
0.500000
 0.500000
 0.142857
 0.333333
 0.571429
 0.777778
 1.000000
 1.250000
 0.346154
 0.074074
 0.071429
 0.076923
 0.103448
 0.222222
 0.045113
 0.012956
 0.038698
 0.043984
 0.205714
 0.093750
 0.081232
 0.023952
 0.044693
 0.509579
 0.265495
 0.146417
 0.059603
 0.162571
 0.075581
 0.092593
 0.072727
 0.139535
 0.116667
 0.023810
 0.019324
 0.029197
 0.065574
 0.555556
 1.000000
 1.000000
 1.000000
 1.000000
 0.600000
 2.500000
 1.000000
 0.100000
 0.150000
 0.030303
 0.025000
 0.014085
 0.031250
1.000000
 3.000000
 1.000000
 0.666667
 0.166667
 0.250000
 0.090909
 0.048780
 0.423077
 0.857143
 0.014493
 0.021044
 0.099778
 0.197390
 0.075881
 0.049470
 0.079310
 0.034765
 0.097264
 0.266784
 0.329202
 0.057412
 0.072589
 0.130719
 0.131206
 0.099010
 0.054545
 0.067669
 0.093137
 0.153846
 0.034014
 0.011976
 0.039370
 0.944444
 1.000000
 1.000000
 0.600000
 2.000000
 1.500000
 5.333333
 6.666667
 4.000000
 0.500000
 1.000000
 0.015625
 0.015385
 0.052632
 0.250000
1.000000
 1.000000
 0.333333
 1.000000
 1.500000
 1.000000
 0.500000
 0.666667
 0.090909
 0.029412
 0.037037
 0.014925
 0.066667
 0.090909
 0.153689
 0.065898
 0.076531
 0.032934
 0.065315
 0.157143
 0.212711
 0.269850
 0.076489
 0.135246
 0.069333
 0.044444
 0.128755
 0.052133
 0.202703
 0.033981
 0.099338
 0.036585
 0.010417
 0.007246
 0.301205
 0.700000
 2.000000
 0.500000
 1.333333
 0.954545
 0.800000
 0.678571
 2.595029
 2.022531
 2.000000
 0.500000
 0.208333
 0.045455
 0.066667
 0.600000
 0.125000
0.333333
0.333333
 1.000000
 1.000000
 0.500000
 0.500000
 0.052632
 0.142857
 0.095238
 1.000000
 0.333333
 1.000000
 0.833333
 0.135484
 0.114796
 0.077214
 0.033746
 0.072097
 0.094972
 0.069149
 0.187323
 0.228792
 0.072316
 0.181185
 0.063181
 0.056818
 0.009434
 0.062500
 0.068027
 0.369565
 0.048276
 0.062500
 0.030043
 0.030928
 0.046414
 0.333333
 1.000000
 0.500000
 4.000000
 1.097429
 0.576704
 2.244101
 2.715073
 3.173205
 3.333333
 2.000000
 0.105263
 0.058824
 0.031250
 0.240000
 0.250000
 0.100000
 0.142857
0.750000
0.428571
1.000000
 1.000000
 6.000000
 1.500000
 0.384615
 1.000000
 0.250000
 0.500000
 1.000000
 1.000000
 0.238095
 0.071856
 0.114773
 0.090369
 0.020725
 0.333333
 0.283237
 0.078512
 0.151709
 0.077182
 0.313113
 0.081864
 0.057823
 0.056522
 0.070000
 0.029557
 0.120482
 0.067568
 0.034286
 0.215190
 0.055556
 0.013333
 0.105263
 0.558824
 0.800000
 1.000000
 0.015873
 0.022727
 0.444444
 0.036585
 1.182803
 0.772727
 26.972222
 2.575434
 2.846154
 0.296296
 0.142857
 0.210084
 0.166667
 0.142857
 0.100000
 0.027778
 0.200000
 0.062500
 0.066667
 0.666667
 0.375000
 0.250000
1.000000
0.125000
0.500000
0.500000
 2.000000
 1.000000
 1.000000
 0.250000
 1.000000
 0.500000
 0.500000
 0.333333
 1.000000
 1.333333
 0.666667
 0.051793
 0.258022
 0.082011
 1.500000
 0.064935
 0.058126
 0.268293
 0.185283
 0.137611
 0.064090
 0.013093
 0.088462
 0.094148
 0.133333
 0.033285
 0.061125
 0.075758
 0.117647
 0.172185
 0.047945
 0.015152
 0.166667
 1.000000
 0.040816
 0.010309
 0.020619
 1.058824
 0.307692
 0.081967
 0.791398
 1.285036
 1.496653
 2.112500
 0.875000
 0.346154
 0.200000
 0.044118
 0.082707
 0.030303
 0.028571
 0.050000
 0.166667
 0.181818
 0.166667
 0.111111
1.000000
0.200000
0.750000
 0.250000
 0.666667
 1.000000
 0.800000
 0.055556
 0.157895
 1.000000
 0.857143
 0.444444
 1.000000
 0.428571
 0.777778
 3.000000
 0.666667
 1.200000
 0.142857
 0.400000
 0.084282
 0.235434
 0.067753
 0.073370
 0.127830
 0.875000
 0.229499
 0.046178
 0.041941
 0.047814
 0.027460
 0.385017
 0.087940
 0.054839
 0.074866
 0.055556
 0.058091
 0.100671
 0.037267
 0.041667
 0.117647
 0.300000
 0.033333
 0.217949
 0.017595
 0.240000
 0.378378
 0.432319
 1.072289
 2.411093
 0.281250
 0.152000
 0.066667
 0.019231
 0.024752
 0.106557
 0.022727
 0.017699
 0.028571
 0.081081
 0.062500
 0.083333
 0.035714
 0.411765
 0.222222
1.000000
 0.947368
 0.666667
 0.266667
 0.818182
 0.666667
 0.090909
 0.285714
 0.666667
 0.666667
 1.000000
 0.545455
 0.208955
 0.253541
 0.140126
 0.064020
 0.466667
 0.522442
 0.122581
 0.054154
 0.032198
 0.072886
 0.180747
 0.210526
 0.123077
 0.133333
 0.017857
 0.066176
 0.056701
 0.038647
 0.127907
 0.054945
 0.040000
 0.041420
 0.049107
 0.123188
 0.245098
 0.362416
 0.305785
 0.336601
 0.310708
 1.523944
 2.683398
 0.058343
 0.057057
 0.138340
 0.097561
 0.192513
 0.150838
 0.183333
 0.125828
 0.090909
 0.045045
 0.115385
 0.280000
 0.125000
2.000000
2.000000
0.500000
 1.000000
 0.250000
 0.250000
 1.000000
 0.684211
 0.333333
 1.000000
 0.800000
 0.200000
 0.454545
 1.000000
 0.250000
 0.625000
 1.000000
 0.800000
 2.000000
 0.833333
 0.300000
 0.245902
 0.347368
 1.177656
 0.533772
 0.293214
 0.103870
 0.040201
 0.189840
 0.181973
 0.096880
 0.113527
 0.133333
 0.104978
 0.109756
 0.166667
 0.078125
 0.086022
 0.040909
 0.038674
 0.028302
 0.049180
 0.019802
 0.082474
 0.148760
 0.091102
 0.238372
 0.439024
 0.046980
 0.058559
 0.166667
 0.615979
 0.326108
 0.077821
 0.034387
 0.095833
 0.120603
 0.017045
 0.031008
 0.007937
 0.018692
 0.086957
 0.117647
 0.043478
 0.153846
0.500000
 0.500000
 1.000000
 0.500000
 0.266667
 0.045455
 1.333333
 3.000000
 1.000000
 1.000000
 1.142857
 0.333333
 2.666667
 1.333333
 2.500000
 0.714286
 1.666667
 1.000000
 0.055921
 0.064145
 0.103909
 0.775987
 0.418194
 0.581263
 0.169578
 0.360656
 0.090790
 0.106942
 0.062785
 0.046756
 0.075269
 0.081633
 0.037249
 0.135359
 0.209945
 0.156951
 0.192308
 0.149171
 0.037234
 0.188755
 0.331915
 0.174825
 0.036496
 0.133956
 0.006849
 0.196023
 0.016260
 0.091346
 0.052632
 1.413793
 1.080645
 0.146667
 0.046512
 0.057692
 0.044643
 0.074324
 0.066116
 0.074074
 0.009091
 0.077922
 0.075000
 0.076923
 0.076923
0.250000
 1.000000
 0.500000
 0.250000
 0.105263
 0.142857
 0.500000
 1.000000
 0.750000
 0.333333
 1.000000
 0.400000
 1.000000
 0.666667
 0.928571
 1.000000
 0.666667
 0.143836
 0.112410
 0.227785
 1.144250
 0.366096
 0.564370
 0.619443
 0.510193
 0.152227
 0.249530
 0.196393
 0.164208
 0.154101
 0.201031
 0.145089
 0.064198
 0.068602
 0.149425
 0.063670
 0.217573
 0.211823
 0.254630
 0.100917
 0.147170
 0.025105
 0.274834
 0.075758
 0.106952
 0.060345
 0.034043
 0.048128
 2.273585
 0.018634
 0.046512
 0.063492
 0.060773
 0.254386
 0.031250
 0.051282
 0.135593
 0.169231
 0.100000
 0.150000
 0.117647
 0.500000
 2.000000
 1.500000
 0.123288
 0.500000
 0.666667
 2.000000
 2.000000
 0.750000
 0.750000
 1.000000
 1.000000
 0.250000
 2.000000
 1.000000
 1.000000
 0.500000
 1.100000
 1.315789
 1.096774
 0.166215
 0.999727
 1.035630
 0.443670
 1.368006
 0.279606
 0.154849
 0.184470
 0.074832
 0.052216
 0.051301
 0.043108
 0.039634
 0.085347
 0.060297
 0.185185
 0.070707
 0.091837
 0.008734
 0.021645
 0.046693
 0.071429
 0.037559
 0.122517
 0.049822
 0.086957
 0.047619
 0.027586
 0.036145
 1.610272
 0.006211
 0.031008
 0.057692
 0.006993
 0.041237
 0.008929
 0.045977
 0.033708
 0.111111
 0.150000
 0.135135
 0.071429
 0.100000
 0.190476
 0.111111
 0.250000
 0.500000
 0.130000
 0.035136
 0.034196
 1.000000
 0.500000
 0.555556
 1.000000
 1.000000
 0.142857
 1.000000
 0.428571
 0.840000
 1.000000
 1.200000
 3.333333
 0.807692
 0.190544
 1.015825
 0.865543
 0.854805
 0.561204
 0.330963
 0.205537
 0.286416
 0.083247
 0.061362
 0.051095
 0.079973
 0.106405
 0.055812
 0.034047
 0.131148
 2.500000
 0.111111
 0.080000
 0.030303
 0.024390
 0.010135
 0.096296
 0.106383
 0.076046
 0.128931
 0.119681
 0.063604
 1.559165
 0.857627
 0.053435
 0.020833
 0.022727
 0.056180
 0.011236
 0.034483
 0.010417
 0.038462
 0.083885
 0.131579
 0.302326
 0.125000
 0.166667
 0.666667
 0.111111
0.333333
 0.250000
 1.000000
 0.120301
 0.098160
 0.032817
 1.333333
 0.500000
 2.000000
 0.500000
 0.125000
 0.444444
 0.750000
 1.000000
 2.500000
 0.857143
 1.500000
 1.352941
 1.571429
 1.100000
 3.400000
 0.969697
 1.266667
 0.309359
 1.051617
 0.730372
 0.219701
 0.171612
 0.136340
 0.170288
 0.118185
 0.071776
 0.086431
 0.187841
 0.042666
 0.047452
 0.032137
 0.028640
 0.148936
 0.481481
 0.288889
 1.000000
 0.064151
 0.063232
 0.187266
 0.020468
 0.036232
 0.238938
 0.406716
 0.111111
 1.626087
 0.090226
 0.042945
 0.028037
 0.103093
 0.044118
 0.065934
 0.037736
 0.100000
 0.085271
 0.180723
 0.041667
 0.052632
 0.083333
 0.230769
 0.200000
1.000000
0.333333
 1.000000
 0.666667
 0.309091
 0.160000
 0.800000
 0.333333
 1.500000
 1.500000
 0.200000
 0.666667
 1.000000
 0.166667
 1.000000
 0.368421
 1.333333
 0.500000
 1.500000
 0.666667
 0.666667
 0.480000
 2.120000
 1.243697
 1.120000
 0.270744
 0.870607
 0.440651
 0.183004
 0.156403
 0.164271
 0.206600
 0.114707
 0.257748
 0.272789
 0.135663
 0.073482
 0.074483
 0.090909
 0.047154
 0.042895
 0.032051
 0.043478
 0.500000
 0.041667
 0.031250
 0.199438
 0.046610
 0.047210
 0.137427
 0.055118
 0.893617
 1.012857
 0.080918
 0.100000
 0.038095
 0.007353
 0.011628
 0.038462
 0.030928
 0.022222
 0.030612
 0.041667
 0.181818
 0.250000
 0.103448
 0.100000
 0.125000
1.000000
 4.000000
 0.894737
 2.000000
 1.000000
 0.500000
 1.000000
 0.145455
 0.333333
 0.500000
 2.000000
 1.500000
 0.800000
 0.166667
 0.600000
 1.095238
 1.000000
 1.833333
 0.545455
 1.000000
 1.400000
 1.480000
 0.642154
 0.863510
 1.044940
 0.803815
 0.760275
 0.345688
 0.270833
 0.148148
 0.203726
 0.145747
 0.417631
 0.185744
 0.288704
 0.142962
 0.074218
 0.045790
 0.038940
 0.033937
 0.061831
 0.044084
 0.080119
 0.028571
 0.041667
 0.067857
 0.394231
 0.565217
 0.036765
 0.067532
 0.116667
 0.768091
 0.213773
 0.047138
 0.041152
 0.078125
 0.006689
 0.071429
 0.010753
 0.032967
 0.135135
 0.032520
 0.054348
 0.025641
 0.125000
 0.185185
 0.037037
 0.222222
 0.047619
 0.090909
 1.000000
 1.333333
 2.000000
 0.250000
 0.157895
 0.103261
 0.129412
 0.071111
 0.219512
 0.842105
 1.000000
 1.000000
 0.294118
 1.000000
 0.866667
 0.666667
 0.333333
 1.000000
 0.641509
 0.700000
 0.625000
 2.000000
 1.680000
 0.975057
 0.883275
 0.878313
 0.400394
 0.560932
 0.666667
 1.360000
 0.056558
 0.361464
 0.544642
 0.113859
 0.229100
 0.106643
 0.130187
 0.140295
 0.025275
 0.029136
 0.049215
 0.068966
 0.080000
 0.224719
 0.031250
 0.040230
 0.114286
 0.057348
 0.039301
 0.047794
 0.059415
 0.040000
 0.516588
 0.158924
 0.242424
 0.112245
 0.141711
 0.061224
 0.102941
 0.008333
 0.114943
 0.020833
 0.065421
 0.120000
 0.264706
 0.100000
 0.105263
 0.333333
 0.090909
 0.142857
0.250000
1.000000
0.500000
 1.000000
 1.000000
 0.666667
 0.333333
 1.000000
 0.115385
 0.139535
 0.085227
 0.645161
 0.833333
 0.153846
 0.400000
 0.333333
 1.000000
 0.333333
 1.166667
 0.777778
 0.428571
 0.840000
 0.500000
 0.300971
 0.189036
 0.345395
 0.840909
 1.896446
 0.877985
 1.046087
 0.676375
 0.674040
 0.175643
 0.134955
 0.293171
 0.670286
 1.092814
 0.858462
 0.531472
 0.143450
 0.320755
 0.172973
 0.143695
 0.123253
 0.117002
 0.052083
 0.171103
 0.042440
 0.032558
 0.187500
 0.367688
 0.049743
 0.010593
 0.007143
 0.328712
 0.392787
 0.081456
 0.060000
 0.242667
 0.073118
 0.078534
 0.070064
 0.033835
 0.042781
 0.059406
 0.038835
 0.037975
 0.025641
 0.072289
 0.120690
 0.166667
 0.083333
 0.600000
 0.083333
 0.166667
0.333333
0.400000
0.583333
0.333333
0.333333
 0.250000
 0.166667
 1.166667
 0.333333
 0.333333
 0.190476
 3.000000
 0.214286
 0.333333
 0.666667
 0.315789
 0.368421
 0.714286
 0.600000
 0.265550
 0.331878
 0.267769
 1.379310
 1.169151
 0.974252
 0.974480
 1.070744
 1.303035
 0.780773
 0.344761
 0.952941
 0.490851
 1.372964
 0.214589
 0.103040
 0.066023
 0.104396
 0.134831
 0.081395
 0.043614
 0.026365
 0.108108
 0.016393
 0.038462
 0.017730
 0.450000
 0.128593
 0.042216
 0.052490
 0.202536
 0.405088
 0.533333
 0.309932
 0.102528
 0.221258
 0.096774
 0.244000
 0.032258
 0.046392
 0.038961
 0.056250
 0.060150
 0.111111
 0.076087
 0.076555
 0.027027
 0.200000
 0.076923
 0.125000
 0.142857
0.666667
0.333333
0.200000
0.200000
 0.500000
 0.250000
 0.500000
 1.000000
 0.217391
 0.285714
 0.625000
 1.000000
 1.000000
 1.100000
 0.500000
 0.357143
 0.268293
 0.241758
 0.545455
 0.370370
 0.248815
 0.243827
 0.246073
 1.120000
 1.649351
 0.961780
 1.138599
 1.125348
 1.270696
 0.942839
 0.420602
 0.323529
 0.132333
 0.835844
 0.668547
 0.178196
 0.175364
 0.333333
 0.392593
 0.096591
 0.093190
 0.148036
 0.042821
 0.020045
 0.032911
 0.021429
 0.154345
 0.024845
 0.069576
 1.224286
 0.137138
 0.970874
 0.184397
 0.040900
 0.060172
 0.083056
 0.050808
 0.023018
 0.039106
 0.064286
 0.013333
 0.048387
 0.038462
 0.052632
 0.037037
 0.052632
 0.144068
 0.123596
 0.029412
 0.142857
 0.125000
0.500000
0.333333
0.200000
0.285714
 1.000000
 0.250000
 1.000000
 0.666667
 0.375000
 1.000000
 1.000000
 0.500000
 0.444444
 0.285714
 0.375000
 0.083333
 0.454545
 0.250000
 0.600000
 0.500000
 0.500000
 0.920000
 0.533333
 0.560976
 0.491525
 0.617021
 0.264808
 0.351852
 0.261084
 1.053571
 0.939394
 0.667794
 1.183069
 1.083940
 1.152296
 1.241122
 0.650286
 0.484404
 1.157143
 0.188759
 0.239475
 0.047264
 0.148235
 0.454212
 0.139738
 0.238636
 0.410835
 0.279096
 0.237261
 0.415020
 0.282353
 0.118270
 0.230167
 0.159867
 0.281597
 0.035135
 0.747024
 0.412186
 0.028796
 0.038391
 0.037500
 0.034043
 0.013100
 0.031690
 0.018797
 0.388889
 0.117647
 0.246575
 0.106195
 0.057851
 0.146067
 0.185185
 0.139785
 0.037975
 0.044118
 0.066667
 0.086957
 0.066667
 0.625000
2.000000
0.700000
0.500000
1.000000
 2.000000
 0.400000
 0.500000
 0.600000
 0.500000
 0.250000
 1.000000
 2.000000
 0.250000
 0.189189
 0.210526
 0.428571
 0.666667
 0.750000
 0.416667
 0.315789
 0.250000
 0.333333
 1.000000
 0.333333
 3.000000
 1.833333
 0.877301
 0.464567
 0.484848
 0.545455
 0.829060
 1.154116
 0.348008
 0.928571
 1.020833
 0.589822
 1.296709
 1.195120
 1.238351
 1.159873
 0.669088
 0.770235
 0.386997
 0.264776
 0.352159
 0.244048
 0.283654
 0.672535
 0.632371
 1.761682
 0.760563
 0.046948
 0.045392
 0.043779
 0.132588
 0.554809
 0.480285
 0.407948
 0.028100
 0.192308
 1.835821
 0.506849
 0.054348
 0.036965
 0.041899
 0.033943
 0.036842
 0.018957
 0.013761
 0.017544
 0.025641
 0.113636
 0.193878
 0.289474
 0.277778
 0.408696
 0.041096
 0.055556
 0.148148
 0.296296
 0.166667
 0.250000
0.333333
1.000000
1.000000
 0.500000
 1.600000
 0.250000
 1.500000
 0.333333
 0.200000
 0.354430
 0.380952
 0.222222
 1.000000
 0.500000
 1.000000
 0.600000
 2.333333
 1.166667
 0.714286
 0.774648
 0.318584
 0.473684
 0.375000
 0.521127
 0.328330
 0.260069
 0.500000
 0.936709
 0.947773
 1.038597
 1.237798
 1.175205
 0.977512
 0.794641
 0.349432
 0.845161
 0.108113
 0.284716
 1.030303
 0.296334
 0.353994
 0.158009
 0.329882
 0.222543
 0.175221
 0.136364
 0.415827
 0.606106
 0.441681
 0.093347
 0.137201
 0.319051
 0.446908
 1.233333
 0.222222
 0.066667
 0.048276
 0.101449
 0.050898
 0.062857
 0.044335
 0.037618
 0.010811
 0.125000
 0.009709
 0.020134
 0.021739
 0.013889
 0.137931
 0.368421
 0.227848
 0.170213
 0.104167
 0.192308
 0.178571
 0.583333
 0.555556
0.305556
0.333333
1.000000
 0.500000
 1.000000
 1.000000
 0.600000
 0.250000
 0.454545
 0.240000
 0.600000
 0.178571
 0.500000
 2.000000
 1.000000
 0.705882
 0.625000
 0.391304
 0.739130
 0.352459
 0.221138
 0.254296
 0.281071
 1.129630
 0.869076
 1.136149
 1.224515
 1.035715
 1.135510
 1.077169
 0.957539
 1.126638
 0.384038
 0.805081
 0.852564
 0.391147
 0.290249
 1.157858
 1.326121
 0.832144
 0.833132
 0.556851
 0.255980
 0.228116
 0.063922
 0.068493
 0.038560
 0.063389
 1.175793
 2.150685
 0.175573
 0.213457
 0.149758
 0.124138
 0.103448
 0.076389
 0.028011
 0.118421
 0.020202
 0.008197
 0.142857
 0.566667
 0.041237
 0.113636
 0.046512
 0.075000
 0.137931
 0.100000
1.000000
0.500000
1.000000
 0.250000
 3.000000
 1.000000
 0.333333
 0.375000
 0.214286
 0.600000
 0.600000
 0.333333
 0.333333
 0.800000
 1.333333
 0.500000
 1.333333
 0.200000
 1.000000
 0.250000
 0.756098
 0.241379
 0.247283
 0.256983
 0.357143
 0.857143
 0.516441
 1.240826
 1.271688
 1.126741
 1.126354
 1.044170
 0.967699
 1.045181
 0.241137
 0.848661
 0.504379
 0.913198
 1.680670
 0.656103
 0.569229
 0.482208
 0.525666
 0.567568
 0.388881
 0.262175
 0.136163
 0.074180
 0.033670
 0.085246
 0.248337
 0.513514
 0.096774
 0.104811
 0.068493
 0.115385
 0.022059
 0.021277
 0.073394
 0.035088
 0.014085
 0.275862
 0.029412
 0.021739
 0.033333
 0.069767
 0.031250
0.500000
 1.000000
 0.600000
 0.500000
 0.666667
 3.000000
 0.500000
 0.875000
 1.666667
 0.625000
 1.000000
 0.371429
 0.418182
 0.327731
 0.269182
 0.284314
 0.900000
 0.120116
 0.991444
 0.916809
 1.238693
 0.879849
 1.043651
 1.038908
 0.791287
 0.625000
 0.401881
 1.212524
 0.698788
 1.076887
 0.983030
 0.543738
 0.857268
 0.340139
 0.278387
 0.068906
 0.075668
 0.100281
 0.105430
 0.064433
 0.238225
 0.044693
 0.121212
 0.244635
 0.081803
 0.091988
 0.028777
 0.076923
 0.019737
 0.008696
 0.063492
 0.030303
 0.011236
 0.090226
 0.045455
 0.074627
 0.028571
 0.008772
 0.028302
 0.085366
 0.074074
 0.076923
 0.111111
 0.166667
0.500000
0.333333
 0.500000
 0.800000
 1.000000
 0.500000
 1.000000
 0.625000
 0.250000
 0.500000
 0.166667
 0.937500
 0.230769
 0.444444
 0.375000
 0.500000
 0.500000
 0.333333
 1.666667
 0.125000
 0.405797
 0.409091
 0.531746
 0.345455
 0.833333
 1.015873
 0.265401
 0.904768
 1.277528
 0.906958
 0.871286
 1.139386
 1.101975
 0.788587
 0.483246
 0.833833
 0.792373
 0.394731
 0.379411
 0.264221
 0.145756
 0.651838
 0.720269
 0.549621
 0.462657
 0.392275
 0.382874
 0.174491
 0.205369
 0.479104
 0.443038
 0.145089
 0.040033
 0.054054
 0.084848
 0.088398
 0.008475
 0.013333
 0.082474
 0.041667
 0.109589
 0.043478
 0.050000
 0.127660
 0.040000
 0.076923
 0.038462
 0.074074
 0.093750
 0.114583
1.500000
1.000000
 0.500000
 0.666667
 0.333333
 1.500000
 0.333333
 0.666667
 1.000000
 1.333333
 1.000000
 0.500000
 3.000000
 0.666667
 0.384615
 2.000000
 0.833333
 0.666667
 0.827586
 0.433333
 0.463415
 0.410609
 0.652632
 0.896825
 0.547332
 0.881670
 1.155488
 1.078024
 0.912733
 1.006262
 1.391641
 0.787273
 0.143354
 0.186659
 1.264066
 0.793175
 0.656719
 0.223756
 0.053381
 0.465084
 0.298088
 0.111872
 0.079646
 0.274750
 0.126789
 0.427160
 1.037975
 0.216000
 0.275000
 0.204045
 0.062169
 0.037825
 0.045161
 0.122047
 0.072115
 0.031579
 0.011494
 0.038961
 0.023585
 0.040268
 3.000000
 0.047619
 0.039216
 0.066667
 0.150000
 0.142857
 1.000000
 0.500000
 0.666667
 1.000000
 2.333333
 0.150943
 0.571429
 1.130435
 0.250000
 1.666667
 0.380952
 0.681818
 0.622222
 0.938603
 0.913462
 1.016949
 0.943038
 0.963107
 1.113221
 1.187890
 0.991959
 1.067471
 1.123417
 1.009478
 0.852661
 0.201826
 0.394844
 1.004485
 0.490076
 0.470027
 0.085376
 0.901338
 0.654061
 0.867601
 0.263797
 0.431034
 0.152322
 0.019835
 1.428571
 0.133333
 0.656716
 0.677672
 0.110054
 0.099078
 0.140449
 0.057377
 0.020833
 0.025424
 0.031056
 0.024096
 0.058296
 0.028302
 0.036585
 0.035714
 0.025641
 0.011765
 0.111111
 1.000000
 0.428571
 0.125000
 0.500000
1.000000
1.000000
 0.642857
 0.500000
 0.125000
 0.666667
 0.250000
 1.000000
 1.000000
 3.000000
 0.666667
 0.866667
 0.333333
 1.250000
 1.250000
 1.000000
 0.545455
 0.333333
 0.666667
 0.285714
 0.622222
 0.593750
 0.573333
 0.500000
 0.533333
 0.795699
 0.328337
 1.006713
 1.242775
 0.855379
 1.113222
 1.046464
 0.964903
 1.048620
 0.135302
 0.070103
 0.663697
 0.642174
 0.696690
 0.527778
 0.631221
 0.883266
 0.587695
 1.066531
 0.285165
 2.235718
 1.979249
 2.600000
 0.042895
 0.384615
 0.295213
 0.090909
 0.020000
 0.043011
 0.009709
 0.020000
 0.042735
 0.013889
 0.007246
 0.020833
 0.018349
 0.095238
 0.020833
 0.111111
 0.076923
 0.090909
 0.666667
 0.333333
 0.500000
 1.000000
 1.000000
 0.500000
 0.500000
 0.333333
 2.000000
 0.571429
 0.500000
 1.500000
 0.500000
 0.947368
 0.666667
 0.625000
 0.355372
 0.505263
 0.634146
 0.500000
 0.565217
 0.949275
 0.918919
 0.924184
 1.105308
 0.890087
 0.941967
 1.074110
 0.965388
 0.939995
 0.960212
 0.111702
 0.080698
 0.575412
 0.207350
 0.350087
 0.061851
 0.035200
 2.931596
 0.730769
 2.046810
 3.468000
 1.771429
 2.200000
 0.081081
 0.138889
 0.392857
 0.035714
 0.031579
 0.010870
 0.030769
 0.009804
 0.012195
 0.012987
 0.011364
 0.068182
 0.094340
 0.057143
 0.162791
 0.166667
 0.066667
 0.272727
 1.000000
 1.000000
 1.000000
 0.750000
 1.000000
 0.500000
 0.400000
 0.200000
 0.500000
 0.666667
 0.727273
 0.506849
 0.823529
 0.758621
 0.590909
 0.568182
 0.452675
 0.556522
 1.144144
 0.806274
 1.228904
 0.894994
 0.879477
 1.066169
 1.018890
 0.936018
 1.240968
 1.227848
 1.424870
 0.214000
 0.185163
 0.063556
 0.060811
 0.100000
 2.666667
 0.684211
 1.115385
 1.727273
 2.000000
 0.909091
 0.064655
 0.039604
 0.380952
 0.090909
 0.006211
 0.033708
 0.012048
 0.045455
 0.003497
 0.029762
 0.042553
 0.058824
 0.075000
 0.227273
 0.150000
 0.333333
 0.666667
 0.250000
 0.285714
 0.750000
 0.833333
 0.666667
 0.246445
 0.236842
 0.500000
 0.777778
 0.783784
 0.743590
 0.380645
 0.779070
 0.984375
 0.757661
 1.066965
 0.833737
 0.561263
 0.957940
 1.037548
 0.546173
 0.816327
 0.694215
 0.208333
 0.052402
 0.153061
 0.772727
 1.210526
 1.400000
 2.500000
 2.000000
 0.666667
 0.122807
 0.025641
 0.069620
 0.071006
 0.061538
 0.071942
 0.012048
 0.037037
 0.082759
 0.008065
 0.039474
 0.007143
 0.013514
 0.200000
 0.075000
 0.128049
 0.096774
 0.047619
 0.083333
 0.250000
 1.000000
 2.000000
 1.000000
 1.000000
 2.000000
 0.750000
 0.333333
 0.437500
 0.800000
 0.666667
 0.125000
 0.318919
 0.235294
 0.750000
 0.605263
 0.384615
 0.687500
 0.398374
 0.430464
 1.000000
 0.131310
 0.950708
 0.783885
 0.975670
 1.153313
 0.592335
 0.813420
 0.228801
 0.756757
 0.661871
 0.862069
 1.545455
 0.883721
 1.571429
 1.200000
 0.375000
 0.625000
 1.333333
 0.750000
 0.041667
 0.037313
 0.044944
 0.095652
 0.099174
 0.030000
 0.008929
 0.022556
 0.085470
 0.069767
 0.058824
 0.107143
 0.111111
 0.250000
 0.100000
0.333333
0.500000
 0.500000
 1.000000
 0.181818
 0.500000
 1.000000
 0.500000
 1.000000
 0.920000
 1.000000
 1.000000
 0.214286
 0.176471
 0.683333
 0.363636
 1.000000
 0.588235
 0.555556
 0.444444
 0.428571
 0.481481
 0.671642
 0.404255
 1.025641
 1.157143
 0.696435
 1.087692
 0.936739
 0.865772
 0.717536
 0.896011
 0.425378
 0.290768
 0.404951
 0.444444
 1.333333
 1.833333
 0.857143
 2.500000
 0.428571
 0.666667
 1.000000
 0.028571
 0.075758
 0.010000
 0.333333
 0.166667
 0.062500
 0.040000
 0.076923
 0.051282
 0.111111
 0.166667
 0.105263
0.416667
1.000000
1.000000
 1.000000
 0.250000
 0.375000
 1.000000
 1.000000
 0.333333
 1.000000
 1.000000
 0.235294
 0.272727
 0.400000
 0.666667
 1.000000
 1.000000
 0.400000
 0.600000
 1.416667
 0.800000
 0.485294
 0.863636
 1.166667
 0.153092
 0.982784
 0.725280
 0.863682
 0.658698
 0.463696
 0.726950
 0.400350
 1.062370
 0.170507
 0.104762
 0.944444
 1.000000
 0.750000
 1.000000
 1.333333
 1.333333
 1.333333
 3.000000
 0.571429
 0.500000
 0.454545
 1.000000
 0.050000
 0.666667
 0.133333
 0.153846
 1.000000
 0.500000
 0.500000
 1.000000
 1.000000
 0.666667
 0.187500
 3.000000
 0.317073
 0.250000
 0.666667
 1.000000
 0.700000
 1.000000
 0.250000
 0.600000
 0.700000
 0.800000
 1.000000
 0.518519
 0.538462
 0.750000
 0.764706
 1.319205
 0.829254
 0.723245
 0.352306
 0.518575
 0.587908
 0.290278
 0.263473
 0.255725
 0.180124
 0.142857
 2.000000
 0.687500
 0.428571
 0.259259
 0.285714
 0.068182
 1.000000
 0.500000
 0.888889
 2.000000
 0.076923
 0.250000
 0.400000
1.000000
0.500000
 1.000000
 0.666667
 1.000000
 0.600000
 0.250000
 0.428571
 0.666667
 1.000000
 2.000000
 0.857143
 0.750000
 0.666667
 0.451613
 0.215686
 0.222222
 0.200000
 0.160000
 0.400000
 1.000000
 1.000000
 1.142857
 0.809524
 0.111111
 0.200000
 0.518519
 0.233333
 0.850000
 0.875000
 0.059027
 1.102142
 0.659655
 0.503999
 0.539524
 0.238792
 0.715839
 0.078998
 0.050000
 0.111111
 0.029126
 0.095238
 0.062500
 0.068966
 5.000000
 0.166667
 0.013423
 0.500000
 1.000000
 1.400000
 0.666667
 0.024691
 0.043478
 0.333333
 0.200000
 0.500000
 0.500000
 0.500000
 0.166667
 0.083333
 0.285714
1.000000
0.428571
 0.571429
 1.500000
 0.666667
 0.750000
 0.666667
 0.500000
 0.571429
 0.250000
 0.387097
 1.000000
 0.500000
 1.000000
 0.432432
 0.076923
 1.000000
 1.500000
 0.666667
 2.000000
 0.500000
 2.000000
 0.857143
 1.000000
 1.111111
 0.523810
 0.428571
 0.736842
 1.083333
 1.260870
 0.880615
 1.209873
 0.223958
 0.280380
 0.482158
 0.795715
 0.121918
 0.096051
 0.051969
 0.082812
 0.086331
 0.050420
 0.937500
 0.103448
 0.057377
 0.151515
 0.112903
 0.964286
 0.023256
 0.142857
 2.000000
 1.000000
 0.066667
 0.333333
 0.200000
 0.400000
 1.000000
 1.000000
 1.000000
 1.000000
 0.285714
 0.571429
 0.500000
 0.375000
 0.875000
 0.250000
 0.666667
 0.142857
 2.000000
 1.000000
 1.000000
 2.000000
 0.750000
 0.777778
 0.300000
 1.714286
 0.250000
 0.500000
 1.000000
 0.676471
 1.529412
 0.815531
 0.805736
 0.226215
 0.183993
 0.209308
 0.403213
 0.121404
 0.155491
 0.095331
 0.061765
 0.136674
 0.051724
 0.042857
 0.112676
 0.040000
 0.023438
 0.038961
 0.037736
 0.132075
 0.571429
 0.059701
 0.023952
 0.028037
 0.018519
 0.166667
 1.000000
 3.000000
 0.500000
 0.500000
 0.800000
1.000000
1.000000
0.500000
 1.000000
 0.333333
 1.000000
 0.333333
 1.000000
 1.000000
 0.750000
 1.000000
 0.333333
 0.500000
 1.000000
 0.500000
 0.500000
 2.000000
 0.666667
 0.217391
 0.285714
 0.400000
 2.000000
 0.500000
 0.684211
 1.250000
 0.666667
 0.235294
 0.500000
 0.297872
 1.250000
 1.208333
 0.750290
 0.373986
 0.191652
 0.166164
 0.075188
 0.190547
 0.106487
 0.148936
 0.131980
 0.071926
 0.202970
 0.107438
 0.198880
 0.068548
 0.051213
 0.040230
 0.020000
 0.488889
 0.052632
 0.009434
 0.037037
 0.333333
 1.000000
 1.000000
 1.333333
 0.500000
 0.333333
1.000000
0.666667
1.000000
 0.250000
 0.250000
 0.500000
 0.285714
 0.500000
 2.000000
 0.333333
 0.333333
 1.200000
 0.200000
 0.500000
 0.538462
 0.437500
 0.400000
 0.230769
 1.333333
 0.250000
 0.200000
 1.000000
 0.500000
 1.000000
 0.500000
 0.571429
 0.625000
 0.500000
 0.240000
 0.597701
 0.692308
 0.928571
 0.125641
 0.709075
 0.086611
 0.169142
 0.137887
 0.184778
 0.106667
 0.138211
 0.092593
 0.054422
 0.128205
 0.020124
 0.028037
 0.108974
 0.153595
 0.132203
 0.147541
 0.346154
 0.066667
 0.062069
 0.011494
 0.500000
 0.750000
 3.000000
 1.250000
 0.428571
 0.571429
 0.357143
 1.000000
 1.000000
 0.500000
 0.714286
 1.250000
 0.600000
 0.666667
 0.461538
 0.571429
 0.600000
 0.375000
 0.166667
 0.166667
 0.250000
 0.600000
 0.500000
 1.000000
 1.000000
 1.000000
 0.750000
 0.375000
 1.200000
 0.833333
 0.652174
 0.720000
 1.000000
 1.750000
 1.500000
 0.295396
 0.416658
 0.055814
 0.111005
 0.176686
 0.066897
 0.122066
 0.113695
 0.044355
 0.043077
 0.030837
 0.018519
 0.156028
 0.119580
 0.245455
 0.196319
 0.092593
 0.077519
 0.037500
 1.000000
 0.888889
 0.333333
 0.250000
 1.000000
 0.176471
 0.333333
 0.333333
 0.333333
 1.000000
 0.416667
 3.000000
 1.000000
 2.000000
 0.300000
 0.230769
 0.142857
 1.500000
 0.428571
 0.250000
 2.000000
 0.250000
 1.000000
 0.809524
 0.600000
 0.625000
 0.500000
 0.666667
 0.250000
 0.333333
 0.285714
 0.666667
 0.666667
 1.000000
 0.089449
 0.426568
 0.064653
 0.066667
 0.161090
 0.109560
 0.075843
 0.065693
 0.238095
 0.130435
 0.090909
 0.264574
 0.065817
 0.048123
 0.353728
 0.280864
 0.065934
 0.015748
 0.013986
 0.329897
 1.000000
 1.000000
 0.500000
 1.000000
 0.230769
 0.500000
 0.333333
 0.333333
 0.750000
 1.000000
 0.500000
 0.571429
 1.000000
 1.000000
 0.166667
 0.500000
 1.666667
 1.000000
 0.289474
 1.142857
 2.000000
 1.000000
 0.857143
 0.500000
 0.722222
 0.714286
 0.250000
 0.866667
 0.428571
 0.272727
 0.133333
 0.400000
 0.750000
 0.826087
 0.370486
 0.097488
 0.291096
 0.137803
 0.084581
 0.061041
 0.201149
 0.140127
 0.142857
 0.095941
 0.125000
 0.116923
 0.075000
 0.109827
 0.148649
 0.115385
 0.014423
 0.040230
 0.012195
 0.055556
 1.000000
 1.000000
 0.214286
 0.500000
0.916667
 2.000000
 0.333333
 0.500000
 1.000000
 0.400000
 0.400000
 0.666667
 0.500000
 0.500000
 0.111111
 1.000000
 0.333333
 0.083333
 1.500000
 0.500000
 0.750000
 1.000000
 0.500000
 0.285714
 0.250000
 1.000000
 0.111111
 1.250000
 0.142857
 0.466667
 0.750000
 0.375000
 0.105620
 0.246777
 0.127643
 0.178782
 0.202749
 0.256214
 0.165354
 0.105960
 0.168776
 0.020979
 0.375000
 0.024390
 0.051064
 0.142857
 0.028754
 0.081081
 0.007792
 0.051095
 0.048780
 0.016949
 1.000000
 3.000000
 0.250000
 0.400000
 0.285714
 0.250000
0.500000
 1.000000
 1.000000
 0.500000
 0.166667
 0.333333
 1.000000
 0.500000
 1.000000
 0.500000
 0.239130
 0.571429
 0.500000
 0.166667
 0.333333
 0.888889
 0.250000
 1.222222
 0.500000
 0.250000
 0.312500
 0.261905
 0.428571
 0.743590
 0.846154
 0.259259
 0.085625
 0.157912
 0.041627
 0.124011
 0.132800
 0.221519
 0.069124
 0.132616
 0.028674
 0.021552
 0.095238
 0.021834
 0.021429
 0.045226
 0.024345
 0.015152
 0.017241
 0.070000
 0.044444
 0.125000
 0.500000
0.142857
 1.000000
 1.000000
 1.000000
 0.166667
 0.750000
 0.333333
 0.500000
 1.000000
 1.000000
 0.222222
 0.277778
 2.000000
 0.250000
 0.111111
 0.500000
 0.500000
 0.500000
 0.666667
 0.333333
 0.428571
 0.538462
 0.322581
 0.389610
 0.200000
 0.500000
 0.206897
 0.073915
 0.053901
 0.171875
 0.057637
 0.091623
 0.101509
 0.084795
 0.039752
 0.063241
 0.257426
 0.058824
 0.036735
 0.040230
 0.034582
 0.017241
 0.039474
 0.088235
 0.777778
 1.071429
 0.192308
 1.000000
 0.500000
 1.000000
1.000000
0.750000
0.166667
0.266667
 2.000000
 1.000000
 1.000000
 1.000000
 1.000000
 0.333333
 0.368421
 0.200000
 2.000000
 1.000000
 0.308943
 0.290909
 0.333333
 0.266667
 1.000000
 1.500000
 0.129630
 0.072150
 0.081442
 0.138889
 0.107604
 0.115222
 0.102919
 0.105906
 0.045662
 0.027990
 0.021978
 0.017964
 0.176471
 0.166667
 0.075472
 0.022989
 1.500000
 1.000000
 0.750000
1.000000
2.000000
 0.500000
 1.000000
 0.666667
 1.000000
 1.000000
 0.166667
 0.666667
 0.818182
 1.000000
 0.750000
 1.166667
 0.500000
 1.000000
 0.302326
 0.423077
 0.250000
 0.181818
 0.158730
 0.183636
 0.094722
 0.105085
 0.070664
 0.058000
 0.055794
 0.082888
 0.083333
 0.242647
 0.047319
 0.107692
 0.057471
 0.026549
 0.061224
 0.233333
 0.025424
 0.026316
 0.500000
 0.600000
 1.000000
 0.500000
 1.000000
 1.000000
 1.000000
 1.000000
 2.000000
 0.500000
 0.666667
 1.000000
 0.400000
 0.588235
 0.333333
 0.261538
 0.250000
 1.000000
 0.833333
 0.285714
 0.400000
 0.295181
 0.500000
 0.333333
 0.500000
 0.333333
 0.125000
 2.000000
 0.250000
 1.000000
 0.115942
 0.017094
 0.061187
 0.218391
 0.024602
 0.056213
 0.052288
 0.066038
 0.525714
 0.036842
 0.009091
 0.087379
 0.072727
 0.027027
 0.006452
 0.084615
 1.000000
 1.333333
 0.500000
 1.000000
 2.000000
 0.333333
 0.500000
 1.000000
 0.500000
 0.500000
 0.500000
 2.000000
 1.000000
 0.333333
 0.444444
 0.866667
 0.200000
 2.000000
 0.500000
 0.416667
 0.600000
 1.000000
 0.333333
 0.583333
 0.444444
 0.500000
 1.000000
 0.421053
 0.052632
 0.011094
 0.208743
 0.029240
 0.125000
 0.150997
 0.067873
 0.020408
 0.089385
 0.029412
 0.038760
 0.021739
 0.011628
 0.015152
 0.025641
 2.000000
 5.000000
 0.727273
 1.000000
 0.500000
 0.500000
 2.000000
 0.500000
 1.000000
 1.000000
 0.500000
 0.333333
 1.000000
 0.666667
 0.200000
 0.333333
 0.333333
 0.333333
 0.400000
 0.400000
 0.250000
 0.333333
 0.222222
 0.666667
 0.142857
 1.000000
 0.333333
 0.714286
 3.000000
 0.018237
 0.021851
 0.059701
 0.092308
 0.046809
 0.154867
 0.042553
 0.061033
 0.055556
 0.058824
 0.019802
 0.040000
 0.030612
 0.095652
 0.021505
 1.333333
 1.000000
 1.500000
 1.000000
 4.000000
 1.000000
 0.090909
 0.266667
 1.500000
 1.000000
 0.600000
 0.571429
 0.395833
 0.428571
 0.125000
 0.142857
 0.210526
 0.818182
 0.037975
 0.017461
 0.028405
 0.050987
 0.036717
 0.062500
 0.036496
 0.077922
 0.035461
 0.047619
 0.064103
 0.028169
 0.111111
 0.545455
 1.000000
 0.066667
 0.750000
 1.000000
 0.400000
 0.312500
 1.000000
 1.000000
 0.666667
 2.000000
 1.024590
 1.000000
 1.000000
 0.333333
 0.333333
 0.250000
 0.250000
 0.285714
 0.250000
 0.500000
 0.333333
 0.185185
 0.250000
 0.500000
 0.230769
 0.379310
 0.004684
 0.026371
 0.030441
 0.053846
 0.272727
 0.384615
 1.000000
 0.034483
 0.023121
 0.063063
 0.027027
 0.027027
 0.037037
 1.000000
 0.214286
 0.166667
 0.100000
 1.000000
 0.500000
 1.000000
 2.000000
 0.333333
 0.500000
 1.200000
 0.461538
 0.500000
 0.250000
 0.500000
 0.200000
 0.166667
 1.000000
 2.000000
 0.444444
 0.428571
 0.250000
 0.181818
 0.018182
 0.018433
 0.034305
 0.057325
 0.142857
 0.192982
 0.063927
 0.064885
 0.090604
 0.059322
 0.057143
 0.083333
 0.500000
 0.333333
 0.153846
 0.058824
 0.111111
 1.000000
 0.090909
 0.285714
 1.000000
 1.000000
 0.333333
 0.666667
 1.000000
 0.333333
 0.500000
 1.500000
 0.333333
 0.500000
 0.400000
 0.230769
 0.750000
 1.000000
 0.333333
 0.300000
 0.250000
 0.333333
 0.500000
 0.600000
 0.068966
 0.023973
 0.002653
 0.068627
 0.200000
 0.018519
 0.025641
 0.042857
 0.029412
 0.133333
 0.058824
 0.444444
 0.600000
 0.033333
 0.047619
 0.153846
 0.300000
 0.500000
 0.250000
 0.500000
 0.400000
 0.250000
 0.296296
 2.000000
 2.000000
 0.500000
 0.250000
 0.500000
 0.105263
 0.200000
 0.333333
 0.454545
 0.500000
 0.011905
 0.013672
 0.022951
 0.039474
 0.500000
 0.285714
 0.042553
 0.052632
 0.017544
 0.049020
 0.037736
 0.111111
 0.250000
 0.200000
 0.142857
0.333333
 0.333333
 2.000000
 0.130435
 0.400000
 0.166667
 0.625000
 1.000000
 0.666667
 0.800000
 0.023166
 0.011952
 0.057471
 0.125000
 0.132530
 0.076923
 0.066667
 0.172414
 0.105263
 0.272727
 0.333333
 0.181818
 0.750000
 0.038462
 0.149123
 0.047619
 0.500000
 1.000000
 1.000000
 0.500000
 0.400000
 0.500000
 0.250000
 0.750000
 0.166667
 0.333333
 0.153846
 0.032000
 0.076923
 0.090909
 0.250000
 0.307692
 0.250000
 0.200000
 0.384615
 0.041667
 0.230769
 0.200000
 0.272727
 0.166667
 0.222222
 0.500000
 0.800000
 1.000000
0.500000
 1.000000
 1.000000
 1.000000
 1.000000
 0.500000
 0.500000
 0.250000
 1.000000
 0.444444
 0.250000
 0.571429
 0.125000
 0.333333
 0.400000
 2.000000
 0.250000
 0.250000
 0.500000
 0.142857
 0.037037
 0.230769
 0.200000
 0.250000
 0.444444
 0.285714
 0.333333
 0.555556
 1.333333
 0.600000
 1.000000
 1.000000
 0.500000
 0.500000
 1.000000
 0.333333
 0.333333
 0.500000
 0.354839
 0.200000
 0.100000
 0.333333
 0.125000
 0.250000
 0.250000
 0.035714
 0.200000
 0.200000
 0.500000
 0.357143
 0.571429
 0.500000
 0.250000
 0.833333
 0.250000
 2.000000
 0.800000
 1.000000
 0.666667
 0.428571
 2.000000
 0.500000
 1.000000
 0.500000
 0.400000
 0.500000
 0.500000
 0.500000
 0.200000
 0.200000
 0.100000
 0.090909
 0.333333
 0.166667
 0.800000
 0.142857
 0.500000
 1.000000
 0.500000
 0.600000
 0.250000
 0.333333
 1.000000
 0.906977
 1.000000
 0.117647
 2.500000
 0.333333
 1.000000
 0.114754
 0.555556
 0.200000
 0.083333
 0.500000
 0.500000
 0.095238
 0.125000
 0.400000
 0.400000
 1.500000
 0.250000
 0.200000
 0.200000
 0.136364
 0.200000
 0.500000
 1.000000
 0.666667
 0.500000
 1.000000
 0.500000
 1.000000
 1.000000
 0.500000
 1.000000
 0.074074
 0.111111
 0.166667
 0.058824
 0.195652
 0.029412
 0.250000
 0.222222
 0.166667
 0.250000
 0.909091
 0.333333
 0.181818
 0.500000
 1.000000
 0.333333
 1.000000
 1.000000
 2.000000
 0.142857
 0.500000
 0.025641
 0.051282
 0.058824
 0.083333
 0.666667
 0.666667
 0.125000
 0.500000
 0.750000
 0.333333
 1.000000
 0.666667
 0.500000
 1.000000
 1.000000
 0.750000
 0.200000
 0.500000
 0.500000
 0.400000
 0.222222
 0.090909
 0.142857
 0.250000
 0.142857
 1.000000
 0.333333
 1.000000
 0.500000
 0.500000
 1.000000
 1.000000
 0.600000
 1.000000
 0.333333
 1.000000
 0.142857
 0.200000
 0.500000
 0.142857
 0.090909
 0.333333
 0.250000
 0.166667
 0.500000
 0.500000
 1.000000
 0.352941
 0.500000
 0.500000
 1.000000
 1.000000
 1.000000
 0.333333
 1.000000
 0.285714
 0.333333
 0.400000
 0.200000
 0.333333
 0.250000
 0.666667
 1.00000