rewards2= [-299.92, -203.36, -25.2 , 75.36, 169.28,  256.72, 297.6 , 224.96,
       269.68, 209.44, 218.88, 235.76, 262.16, 298.48, 221.2 , 341.84,
       422.64, 409.36, 415.92, 335.04, 280.  , 370.96, 400.24, 348.4 ,
       392.16, 367.92, 420.4 , 423.68, 372.8 , 364.4 , 366.64, 297.44,
       310.56, 380.16, 359.68, 354.96, 397.2 , 305.12, 362.16, 367.04,
       391.68, 428.16, 410.72, 383.76, 407.2 , 365.92, 376.72, 409.68,
       362.56, 341.52, 332.48, 354.48, 450.56, 370.  , 292.56, 312.72,
       364.64, 377.2 , 334.96, 345.04, 391.84, 416.64, 370.96, 336.16,
       381.2 , 377.36, 347.84, 378.72, 317.52, 411.84, 405.52, 387.2 ,
       362.48, 361.84, 361.76, 386.4 , 367.12, 301.44, 346.64, 357.2 ,
       384.64, 463.68, 401.04, 384.32, 400.96, 388.16, 354.08, 480.48,
       426.48, 471.28, 435.28, 535.36, 441.2 , 479.12, 466.4 , 404.64,
       366.64, 454.4 , 379.12, 406.88, 407.36, 438.8 , 491.2 , 456.88,
       488.  , 421.36, 519.2 , 538.56, 410.08, 456.16, 470.88, 439.44,
       539.12, 486.56, 470.08, 478.88, 472.64, 499.52, 513.44, 505.52,
       524.8 , 426.32, 518.64, 462.72, 458.32, 512.72, 442.4 , 448.4 ,
       414.88, 452.88, 422.08, 414.96, 420.72, 407.28, 424.8 , 417.52,
       376.64, 393.6 , 394.56, 391.68, 369.36, 476.32, 387.44, 394.64,
       453.6 , 505.12, 435.76, 501.92, 399.68, 469.52, 386.16, 453.6 ,
       480.32, 445.68, 343.76, 346.72, 369.68, 434.32, 387.28, 426.64,
       392.4 , 352.56, 478.32, 446.32, 462.4 , 424.8 , 424.48, 427.76,
       470.88, 446.48, 519.6 , 465.84, 479.2 , 489.84, 478.8 , 450.32,
       430.96, 418.32, 458.  , 425.2 , 464.4 , 469.52, 455.28, 467.44,
       427.76, 381.28, 434.48, 451.68, 467.6 , 489.76, 426.24, 471.92,
       481.28, 425.84, 442.48, 420.24, 517.44, 372.88, 491.44, 472.16,
       541.6 , 414.64, 406.88, 390.96, 486.24, 475.44, 466.64, 485.6 ,
       422.48, 505.76, 485.36, 463.2 , 522.  , 578.96, 501.36, 544.8 ,
       513.6 , 518.96, 565.76, 491.28, 572.88, 494.88, 577.04, 636.16,
       529.76, 473.6 , 557.52, 525.76, 506.32, 419.04, 510.  , 484.64,
       480.16, 456.8 , 480.32, 407.2 , 432.32, 416.48, 409.92, 406.24,
       489.84, 576.8 , 464.72, 475.44, 480.32, 447.12, 474.96, 492.24,
       425.2 , 431.04, 493.28, 418.24, 482.8 , 423.12, 484.16, 406.88,
       449.76, 424.64, 431.76, 491.92, 457.2 , 460.8 , 485.36, 424.  ,
       463.84, 457.2 , 426.88, 493.44, 497.28, 405.6 , 390.72, 375.44,
       445.28, 480.48, 445.68, 450.8 , 413.44, 330.8 , 370.4 , 375.84,
       409.76, 371.76, 393.12, 361.44, 427.04, 404.24, 354.88, 372.88,
       369.68, 409.84, 415.36, 400.32, 358.56, 416.96, 446.72, 360.88,
       415.28, 433.68, 475.2 , 424.24]
rewards1 = [-502.8 , -230.64, -252.64, -154.88, -172.32,  -91.28,  -73.6 ,
         21.44,   27.84,  -25.2 , -106.08, -125.44,  -64.4 ,  -66.  ,
        -73.52,  -89.2 ,  -60.8 ,  -25.6 , -165.2 , -112.88,  -72.24,
         32.32,   59.36,   44.4 ,  118.64,  -34.56,  -56.24,   47.44,
          7.92,  -71.28, -108.64,  -44.64,   42.08,   33.68,  -20.32,
         -7.28, -118.88,  -87.84,  -47.92, -121.04, -113.6 ,  -39.2 ,
         -9.76,   -1.6 ,  -15.52,  -22.96,  -22.16,  -23.28,   22.4 ,
         48.88,  -22.48,   25.12, -137.44,   -5.84,   35.52,  102.56,
        134.88,  -51.68,   39.04,  125.28,  145.04,  164.56,   24.32,
          0.8 ,   73.2 ,   69.36,  130.4 ,  109.92,   94.48,    3.84,
         47.68,   61.92,   54.72,  -45.84, -162.4 ,   28.24,   51.6 ,
         90.08,  136.96,  194.64,  172.  ,  221.44,   78.4 ,   84.96,
        157.76,  107.76,  105.04,  106.96,   68.4 ,   37.6 ,  -95.84,
         65.28,   28.48,  192.  ,  129.04,   53.84,   71.36,   14.56,
         16.88,  154.8 ,  207.84,  140.08,  164.64,  188.  ,   41.92,
        -34.64,   34.72,  121.68,  200.32,  151.44,  -22.08,  -78.32,
        113.2 ,  150.64,  164.08,  186.32,  229.04,  106.56,  174.24,
        129.84,   66.88,  147.76,  238.24,  294.8 ,  220.56,  234.16,
        183.84,  200.64,   88.48,  182.72,  141.2 ,  101.04,  100.72,
        105.04,  171.36,  172.56,  150.72,  103.28,   96.96,  169.76,
        171.36,  210.8 ,  263.52,  249.92,  102.16,  154.16,   69.36,
        118.32,  165.52,  220.72,   66.88,  134.56,  104.08,  100.16,
        146.08,  188.8 ,  137.2 ,  131.36,   41.28,  255.52,  264.88,
        321.92,  243.28,  256.48,  289.12,  268.88,  267.76,  296.56,
        161.04,  121.44,  181.52,  169.76,  230.48,  307.04,  239.2 ,
        329.76,  344.48,  354.08,  304.  ,  388.32,  381.36,  298.96,
        310.8 ,  308.72,  338.08,  362.32,  444.24,  377.84,  172.  ,
        254.  ,  360.48,  320.72,  316.4 ,  383.28,  288.08,  145.52,
        278.88,  341.12,  296.88,  392.48,  498.  ,  389.52,  310.24,
        309.68,  274.4 ,  328.48,  348.32,  378.24,  428.64,  343.92,
        405.92,  390.24,  278.88,  320.08,  326.48,  443.92,  412.96,
        317.04,  330.56,  379.28,  443.6 ,  324.16,  356.4 ,  273.76,
        310.16,  366.  ,  451.36,  459.6 ,  460.64,  369.04,  294.96,
        442.08,  400.56,  525.68,  509.6 ,  403.52,  304.96,  333.2 ,
        396.96,  442.48,  362.8 ,  420.96,  423.76,  483.6 ,  451.28,
        430.  ,  444.8 ,  430.56,  401.76,  428.48,  338.8 ,  292.64,
        321.52,  353.84,  379.04,  351.44,  304.64,  303.12,  302.24,
        419.92,  314.56,  285.68,  272.96,  354.8 ,  231.84,  340.24,
        330.64,  400.24,  446.4 ,  379.76,  352.4 ,  452.88,  439.04,
        334.96,  227.76,  371.2 ,  333.04,  329.52,  243.04,  254.88,
        337.92,  375.2 ,  260.88,  297.68,  318.72,  351.6 ,  421.68,
        414.24,  564.24,  398.24,  304.72,  402.48,  268.96,  355.36,
        386.  ,  369.6 ,  294.88,  360.64,  467.2 ,  448.48]
