0,8,0.333333
0,13,1.000000
0,20,1.000000
0,55,0.500000
1,7,1.000000
1,8,0.666667
1,9,0.666667
1,17,1.000000
1,30,1.000000
1,37,0.714286
1,38,6.000000
1,48,1.000000
1,53,1.000000
1,55,0.666667
1,66,1.000000
2,12,0.250000
2,13,0.285714
2,16,1.000000
2,36,1.000000
2,37,1.133333
3,9,1.000000
3,12,0.272727
3,14,1.000000
3,36,1.000000
3,37,0.333333
3,54,1.000000
3,65,0.666667
3,68,2.000000
3,91,1.000000
4,8,1.000000
4,13,1.000000
4,14,0.250000
4,15,0.666667
4,27,1.000000
4,33,0.833333
4,34,2.000000
4,56,0.500000
4,68,1.000000
4,70,1.000000
5,3,1.000000
5,6,0.666667
5,11,1.000000
5,17,0.428571
5,34,1.000000
5,38,1.333333
5,45,0.333333
5,67,1.000000
5,79,2.000000
5,82,0.500000
6,8,0.333333
6,18,0.333333
6,19,0.500000
6,38,1.200000
6,39,1.000000
6,56,1.000000
6,57,1.000000
6,78,1.000000
6,84,1.000000
7,3,1.000000
7,9,0.500000
7,20,0.500000
7,31,0.500000
7,37,1.000000
7,38,0.250000
7,42,1.000000
7,51,2.000000
7,53,1.000000
7,64,1.000000
8,2,0.423077
8,8,0.500000
8,13,1.000000
8,14,0.333333
8,22,0.250000
8,25,1.000000
8,46,0.750000
8,75,2.000000
9,5,0.250000
9,8,1.000000
9,17,1.000000
9,20,0.125000
9,24,1.000000
9,25,1.000000
9,29,1.000000
9,41,1.000000
9,55,1.000000
9,76,1.000000
10,4,0.666667
10,8,0.333333
10,23,0.333333
10,27,0.200000
10,29,0.666667
10,31,1.000000
10,57,1.000000
10,61,1.000000
10,73,1.000000
11,3,1.000000
11,9,0.500000
11,13,1.000000
11,17,0.250000
11,21,0.333333
11,24,0.066667
11,25,0.181818
11,26,1.000000
11,28,0.200000
11,36,1.000000
11,54,1.000000
11,55,1.000000
11,66,1.000000
12,3,1.000000
12,17,0.400000
12,25,0.333333
12,29,0.142857
12,68,0.900000
13,2,1.000000
13,5,0.750000
13,7,1.000000
13,17,1.333333
13,19,1.000000
13,21,0.166667
13,25,0.111111
13,26,0.125000
13,30,0.090909
13,59,0.500000
13,76,2.000000
14,4,0.500000
14,8,0.333333
14,11,3.000000
14,15,0.666667
14,17,1.000000
14,20,0.250000
14,23,0.868421
14,25,0.333333
14,27,0.333333
14,29,0.500000
14,30,0.142857
14,54,1.000000
14,55,1.000000
15,0,1.000000
15,11,1.000000
15,20,1.000000
15,23,0.111111
15,35,0.333333
15,38,1.000000
15,40,1.000000
15,96,1.000000
16,3,0.800000
16,4,0.250000
16,6,0.714286
16,7,0.166667
16,13,0.500000
16,14,1.000000
16,17,1.000000
16,27,0.090909
16,35,0.166667
16,38,1.000000
16,55,2.000000
16,81,1.000000
16,98,0.500000
17,3,0.600000
17,4,0.125000
17,5,0.333333
17,9,0.666667
17,12,0.750000
17,13,1.000000
17,19,3.000000
17,25,0.222222
17,26,0.500000
17,29,0.500000
17,35,0.142857
17,37,0.500000
17,41,1.000000
17,71,1.000000
17,76,1.000000
18,4,0.357143
18,6,0.500000
18,12,0.333333
18,18,0.800000
18,19,1.266667
18,23,2.000000
18,25,1.500000
18,29,1.000000
18,33,0.200000
18,34,0.666667
18,35,0.166667
18,36,0.500000
18,39,0.666667
18,47,1.000000
18,72,0.028571
18,87,1.000000
19,3,1.000000
19,6,1.000000
19,10,0.333333
19,18,1.000000
19,19,0.846154
19,20,1.500000
19,26,2.000000
19,27,1.000000
19,29,1.000000
19,30,1.000000
19,35,0.090909
19,36,0.031250
19,37,0.500000
19,38,0.166667
19,40,0.400000
19,41,1.000000
19,42,1.500000
19,44,3.000000
19,46,4.000000
19,47,1.000000
19,51,0.062500
19,52,0.032609
19,53,0.100000
19,54,0.048780
19,55,0.108434
19,56,0.139130
19,59,0.031250
19,64,0.600000
19,70,2.000000
19,71,0.111111
19,83,1.000000
20,8,1.000000
20,13,1.000000
20,17,1.000000
20,18,1.500000
20,19,2.000000
20,20,1.000000
20,25,0.333333
20,33,0.700000
20,38,0.062500
20,40,0.250000
20,47,1.250000
20,51,0.030303
20,53,0.017857
20,54,0.133929
20,55,0.023810
20,56,0.046099
20,57,0.084577
20,58,0.040996
20,59,0.008403
20,60,0.008696
20,61,0.050000
20,62,1.333333
20,71,1.000000
20,74,0.015152
20,75,0.017241
20,92,1.000000
21,3,1.000000
21,7,1.000000
21,12,1.000000
21,18,1.250000
21,20,1.200000
21,28,0.400000
21,30,0.125000
21,33,1.000000
21,37,0.269231
21,38,0.043478
21,39,0.028169
21,53,0.097561
21,54,0.096774
21,55,0.553571
21,56,0.049470
21,57,0.407738
21,58,0.067039
21,59,0.026087
21,60,0.095588
21,61,0.034483
21,62,0.243902
21,63,0.500000
21,64,0.800000
21,67,1.000000
21,75,0.076923
21,77,0.015873
21,78,0.017241
21,83,1.000000
21,95,0.142857
21,96,0.111111
21,98,0.142857
21,99,0.055556
22,19,1.500000
22,20,0.500000
22,27,0.750000
22,28,0.946667
22,30,0.300000
22,31,0.400000
22,33,0.500000
22,38,0.062500
22,39,0.071429
22,40,0.142857
22,42,0.074074
22,53,0.042169
22,54,0.008772
22,55,0.138889
22,56,0.034826
22,57,0.205128
22,58,0.044706
22,59,0.131507
22,60,0.019608
22,61,0.064516
22,62,0.157895
22,65,0.666667
22,66,0.200000
22,75,1.000000
22,78,0.150000
22,79,0.025641
22,80,0.013699
22,81,0.052632
22,82,0.071429
22,83,1.000000
22,90,0.111111
22,91,0.071429
22,93,0.083333
22,94,0.100000
22,95,0.076923
22,96,0.111111
22,97,0.100000
22,98,0.111111
23,10,1.000000
23,17,1.000000
23,18,1.000000
23,19,1.000000
23,23,2.000000
23,28,0.333333
23,29,0.100000
23,30,2.000000
23,31,0.714286
23,34,1.000000
23,37,0.333333
23,39,0.066667
23,40,0.033333
23,42,0.105263
23,52,0.098592
23,53,0.024000
23,54,0.021505
23,55,0.048000
23,56,0.027907
23,57,0.245098
23,58,0.048980
23,59,0.046205
23,60,0.122449
23,61,0.079646
23,63,0.090909
23,65,0.777778
23,71,1.000000
23,78,0.500000
23,79,0.500000
23,80,0.666667
23,82,0.083333
23,83,0.083333
23,87,0.012195
23,89,0.555556
24,2,0.500000
24,3,1.000000
24,6,1.000000
24,10,1.000000
24,29,3.000000
24,31,1.000000
24,33,0.600000
24,34,1.000000
24,38,0.187500
24,40,0.027027
24,41,0.062500
24,42,0.065217
24,43,0.120000
24,51,0.105263
24,52,0.112392
24,53,0.078740
24,54,0.033520
24,55,0.096491
24,56,0.061765
24,57,0.248619
24,58,0.096639
24,59,0.039039
24,60,0.064000
24,61,0.054455
24,62,0.054054
24,64,0.333333
24,65,0.085366
24,71,0.333333
24,73,1.500000
24,78,0.166667
24,81,0.041667
24,82,0.111111
24,85,0.095238
24,87,0.024590
24,88,0.021978
24,89,0.031250
24,90,0.100000
25,4,0.500000
25,6,1.000000
25,13,1.000000
25,24,0.333333
25,30,0.090909
25,31,1.500000
25,34,0.111111
25,35,0.125000
25,38,0.052632
25,41,0.056604
25,42,0.093333
25,43,0.090909
25,44,0.166667
25,48,0.666667
25,49,0.292683
25,50,0.027473
25,51,0.104348
25,52,0.064309
25,53,0.109920
25,54,0.054645
25,55,0.109541
25,56,0.079365
25,57,0.072314
25,58,0.059233
25,59,0.016393
25,60,0.037037
25,61,0.041667
25,62,0.150000
25,64,0.066667
25,66,0.823529
25,71,0.900000
25,78,0.136364
25,81,0.500000
25,84,0.250000
25,87,0.019231
25,88,0.049180
25,89,0.022727
25,90,0.187500
25,92,0.133333
26,10,1.000000
26,12,0.375000
26,26,0.166667
26,31,0.483871
26,32,0.333333
26,33,0.214286
26,35,0.176471
26,36,1.000000
26,38,0.062500
26,39,0.142857
26,40,0.222222
26,41,0.075000
26,45,0.500000
26,46,0.600000
26,47,0.121212
26,48,0.054688
26,49,0.048193
26,50,0.024896
26,51,0.097473
26,52,0.051351
26,53,0.053030
26,54,0.087500
26,55,0.077307
26,56,0.115974
26,57,0.134361
26,58,0.036337
26,59,0.040293
26,60,0.013575
26,62,0.021053
26,63,0.062500
26,64,0.012987
26,66,0.023810
26,67,0.500000
26,69,1.000000
26,83,0.666667
26,84,1.166667
26,85,0.066667
26,86,0.027778
26,87,0.059701
26,89,0.030000
27,16,1.000000
27,19,1.000000
27,26,0.038462
27,27,0.500000
27,29,0.086957
27,34,0.055556
27,35,0.591837
27,36,0.142857
27,37,0.034483
27,38,0.150000
27,41,0.045455
27,42,0.021739
27,43,0.076923
27,46,0.043478
27,47,0.035480
27,48,0.014706
27,50,0.055762
27,51,0.078788
27,52,0.065385
27,53,0.086022
27,54,0.189560
27,55,0.053459
27,56,0.056266
27,57,0.152642
27,58,0.050761
27,59,0.019324
27,60,0.004132
27,61,0.033175
27,62,0.049587
27,63,0.064516
27,64,0.056604
27,67,0.285714
27,74,0.500000
27,78,0.125000
27,82,1.000000
27,83,1.111111
27,84,2.000000
27,85,0.157895
27,86,0.055556
27,87,0.250000
27,89,0.015152
27,90,0.013514
28,8,1.000000
28,9,0.666667
28,10,1.000000
28,11,1.000000
28,16,0.500000
28,19,1.000000
28,21,1.000000
28,28,0.230769
28,29,0.533333
28,31,0.250000
28,38,0.035714
28,39,0.076923
28,41,0.117647
28,42,0.058824
28,45,1.500000
28,46,0.023460
28,47,0.034876
28,48,0.079882
28,49,0.069959
28,50,0.018692
28,51,0.029304
28,52,0.047619
28,53,0.059937
28,54,0.092683
28,55,0.802867
28,56,0.120072
28,57,0.177645
28,58,0.049658
28,59,0.028571
28,60,0.059925
28,61,0.014815
28,62,0.055215
28,63,0.027397
28,64,0.037500
28,65,0.421053
28,66,0.012821
28,67,0.500000
28,68,1.000000
28,70,1.500000
28,77,0.250000
28,83,1.166667
28,84,3.000000
28,85,0.666667
28,90,0.403846
28,91,0.038462
28,92,0.037037
29,11,1.000000
29,16,0.250000
29,18,1.000000
29,19,1.000000
29,20,0.250000
29,27,0.166667
29,28,0.086957
29,29,0.083333
29,30,0.200000
29,32,0.473684
29,36,0.090909
29,37,0.142857
29,39,0.172414
29,46,0.013274
29,47,0.032929
29,48,0.088092
29,49,0.020588
29,51,0.031073
29,52,0.057762
29,53,0.532819
29,54,0.085106
29,55,0.826230
29,56,0.107050
29,57,0.156576
29,58,0.061503
29,59,0.038095
29,60,0.026087
29,61,0.140893
29,62,0.102041
29,63,0.012121
29,64,0.019231
29,65,0.018182
29,67,1.000000
29,75,0.956522
29,77,1.000000
29,78,1.000000
29,79,1.100000
29,83,1.333333
29,88,0.200000
29,89,0.041667
29,90,0.066667
29,91,0.038462
29,93,0.062500
30,8,0.250000
30,16,0.500000
30,19,1.000000
30,20,1.937500
30,21,0.571429
30,25,0.500000
30,28,0.100000
30,30,0.125000
30,31,0.062500
30,40,0.033333
30,41,0.333333
30,45,1.000000
30,46,0.025806
30,47,0.028846
30,48,0.032512
30,49,0.037037
30,50,0.011561
30,51,0.034946
30,52,0.110320
30,53,0.005155
30,54,0.059041
30,55,0.144444
30,56,0.164966
30,57,0.216906
30,58,0.071295
30,59,0.123457
30,60,0.135531
30,61,0.106122
30,62,0.042683
30,63,0.035533
30,64,0.028249
30,65,0.040816
30,66,0.029412
30,67,2.000000
30,77,0.500000
30,79,1.000000
30,81,1.500000
30,82,5.000000
30,83,1.000000
30,86,0.941176
30,88,0.033333
30,89,0.250000
30,90,0.065217
30,91,0.019231
30,92,0.021739
30,93,0.054054
30,95,0.200000
31,6,0.500000
31,14,0.500000
31,15,0.142857
31,19,0.333333
31,20,0.571429
31,21,0.777778
31,25,1.000000
31,29,1.250000
31,31,0.346154
31,34,0.074074
31,35,0.071429
31,36,0.076923
31,37,0.103448
31,41,0.222222
31,46,0.045113
31,47,0.012956
31,48,0.038698
31,49,0.043984
31,50,0.205714
31,51,0.093750
31,52,0.081232
31,53,0.023952
31,54,0.044693
31,55,0.509579
31,56,0.265495
31,57,0.146417
31,58,0.059603
31,59,0.162571
31,60,0.075581
31,61,0.092593
31,62,0.072727
31,63,0.139535
31,64,0.116667
31,65,0.023810
31,66,0.019324
31,67,0.029197
31,68,0.065574
31,69,0.555556
31,72,1.000000
31,78,1.000000
31,79,1.000000
31,80,1.000000
31,81,0.600000
31,82,2.500000
31,84,1.000000
31,89,0.100000
31,90,0.150000
31,91,0.030303
31,92,0.025000
31,93,0.014085
31,94,0.031250
32,2,1.000000
32,20,3.000000
32,23,1.000000
32,29,0.666667
32,32,0.166667
32,34,0.250000
32,35,0.090909
32,36,0.048780
32,41,0.423077
32,44,0.857143
32,46,0.014493
32,47,0.021044
32,48,0.099778
32,49,0.197390
32,50,0.075881
32,51,0.049470
32,52,0.079310
32,53,0.034765
32,54,0.097264
32,55,0.266784
32,56,0.329202
32,57,0.057412
32,58,0.072589
32,59,0.130719
32,60,0.131206
32,61,0.099010
32,62,0.054545
32,63,0.067669
32,64,0.093137
32,65,0.153846
32,66,0.034014
32,67,0.011976
32,68,0.039370
32,69,0.944444
32,70,1.000000
32,75,1.000000
32,78,0.600000
32,79,2.000000
32,81,1.500000
32,82,5.333333
32,83,6.666667
32,84,4.000000
32,85,0.500000
32,86,1.000000
32,92,0.015625
32,93,0.015385
32,94,0.052632
32,98,0.250000
33,3,1.000000
33,16,1.000000
33,17,0.333333
33,19,1.000000
33,20,1.500000
33,21,1.000000
33,23,0.500000
33,27,0.666667
33,35,0.090909
33,40,0.029412
33,41,0.037037
33,46,0.014925
33,47,0.066667
33,48,0.090909
33,49,0.153689
33,50,0.065898
33,51,0.076531
33,52,0.032934
33,53,0.065315
33,54,0.157143
33,55,0.212711
33,56,0.269850
33,57,0.076489
33,58,0.135246
33,59,0.069333
33,60,0.044444
33,61,0.128755
33,62,0.052133
33,63,0.202703
33,64,0.033981
33,65,0.099338
33,66,0.036585
33,67,0.010417
33,68,0.007246
33,69,0.301205
33,70,0.700000
33,75,2.000000
33,77,0.500000
33,78,1.333333
33,79,0.954545
33,80,0.800000
33,81,0.678571
33,82,2.595029
33,83,2.022531
33,84,2.000000
33,88,0.500000
33,89,0.208333
33,94,0.045455
33,96,0.066667
33,97,0.600000
33,98,0.125000
34,1,0.333333
34,7,0.333333
34,20,1.000000
34,23,1.000000
34,24,0.500000
34,36,0.500000
34,39,0.052632
34,40,0.142857
34,41,0.095238
34,42,1.000000
34,44,0.333333
34,46,1.000000
34,47,0.833333
34,48,0.135484
34,49,0.114796
34,50,0.077214
34,51,0.033746
34,52,0.072097
34,53,0.094972
34,54,0.069149
34,55,0.187323
34,56,0.228792
34,57,0.072316
34,58,0.181185
34,59,0.063181
34,60,0.056818
34,61,0.009434
34,62,0.062500
34,63,0.068027
34,64,0.369565
34,65,0.048276
34,66,0.062500
34,67,0.030043
34,68,0.030928
34,69,0.046414
34,70,0.333333
34,75,1.000000
34,77,0.500000
34,79,4.000000
34,80,1.097429
34,81,0.576704
34,82,2.244101
34,83,2.715073
34,84,3.173205
34,85,3.333333
34,88,2.000000
34,90,0.105263
34,92,0.058824
34,93,0.031250
34,95,0.240000
34,96,0.250000
34,97,0.100000
34,98,0.142857
35,1,0.750000
35,2,0.428571
35,8,1.000000
35,16,1.000000
35,20,6.000000
35,21,1.500000
35,32,0.384615
35,34,1.000000
35,39,0.250000
35,41,0.500000
35,46,1.000000
35,47,1.000000
35,48,0.238095
35,49,0.071856
35,50,0.114773
35,51,0.090369
35,52,0.020725
35,53,0.333333
35,54,0.283237
35,55,0.078512
35,56,0.151709
35,57,0.077182
35,58,0.313113
35,59,0.081864
35,60,0.057823
35,61,0.056522
35,62,0.070000
35,63,0.029557
35,64,0.120482
35,65,0.067568
35,66,0.034286
35,67,0.215190
35,68,0.055556
35,69,0.013333
35,70,0.105263
35,71,0.558824
35,72,0.800000
35,73,1.000000
35,74,0.015873
35,75,0.022727
35,77,0.444444
35,79,0.036585
35,80,1.182803
35,81,0.772727
35,82,26.972222
35,83,2.575434
35,84,2.846154
35,85,0.296296
35,86,0.142857
35,87,0.210084
35,88,0.166667
35,89,0.142857
35,92,0.100000
35,93,0.027778
35,94,0.200000
35,95,0.062500
35,96,0.066667
35,97,0.666667
35,98,0.375000
35,99,0.250000
36,0,1.000000
36,2,0.125000
36,5,0.500000
36,8,0.500000
36,12,2.000000
36,16,1.000000
36,20,1.000000
36,26,0.250000
36,28,1.000000
36,33,0.500000
36,34,0.500000
36,40,0.333333
36,44,1.000000
36,47,1.333333
36,48,0.666667
36,50,0.051793
36,51,0.258022
36,52,0.082011
36,53,1.500000
36,54,0.064935
36,55,0.058126
36,56,0.268293
36,57,0.185283
36,58,0.137611
36,59,0.064090
36,60,0.013093
36,61,0.088462
36,62,0.094148
36,63,0.133333
36,64,0.033285
36,65,0.061125
36,66,0.075758
36,67,0.117647
36,68,0.172185
36,69,0.047945
36,70,0.015152
36,71,0.166667
36,72,1.000000
36,73,0.040816
36,74,0.010309
36,75,0.020619
36,77,1.058824
36,78,0.307692
36,79,0.081967
36,80,0.791398
36,81,1.285036
36,82,1.496653
36,83,2.112500
36,84,0.875000
36,85,0.346154
36,86,0.200000
36,88,0.044118
36,89,0.082707
36,91,0.030303
36,92,0.028571
36,93,0.050000
36,94,0.166667
36,96,0.181818
36,97,0.166667
36,99,0.111111
37,0,1.000000
37,1,0.200000
37,9,0.750000
37,11,0.250000
37,16,0.666667
37,20,1.000000
37,25,0.800000
37,26,0.055556
37,27,0.157895
37,29,1.000000
37,33,0.857143
37,34,0.444444
37,35,1.000000
37,37,0.428571
37,42,0.777778
37,43,3.000000
37,45,0.666667
37,47,1.200000
37,49,0.142857
37,50,0.400000
37,51,0.084282
37,52,0.235434
37,53,0.067753
37,54,0.073370
37,55,0.127830
37,56,0.875000
37,57,0.229499
37,58,0.046178
37,59,0.041941
37,60,0.047814
37,61,0.027460
37,62,0.385017
37,63,0.087940
37,64,0.054839
37,65,0.074866
37,66,0.055556
37,67,0.058091
37,68,0.100671
37,69,0.037267
37,70,0.041667
37,71,0.117647
37,73,0.300000
37,75,0.033333
37,76,0.217949
37,77,0.017595
37,78,0.240000
37,79,0.378378
37,80,0.432319
37,81,1.072289
37,82,2.411093
37,83,0.281250
37,84,0.152000
37,85,0.066667
37,86,0.019231
37,87,0.024752
37,88,0.106557
37,89,0.022727
37,90,0.017699
37,91,0.028571
37,92,0.081081
37,93,0.062500
37,94,0.083333
37,95,0.035714
37,96,0.411765
37,99,0.222222
38,4,1.000000
38,22,0.947368
38,25,0.666667
38,26,0.266667
38,32,0.818182
38,33,0.666667
38,34,0.090909
38,35,0.285714
38,37,0.666667
38,41,0.666667
38,48,1.000000
38,51,0.545455
38,52,0.208955
38,53,0.253541
38,54,0.140126
38,55,0.064020
38,56,0.466667
38,57,0.522442
38,58,0.122581
38,59,0.054154
38,60,0.032198
38,61,0.072886
38,62,0.180747
38,63,0.210526
38,64,0.123077
38,65,0.133333
38,66,0.017857
38,67,0.066176
38,68,0.056701
38,69,0.038647
38,70,0.127907
38,71,0.054945
38,72,0.040000
38,73,0.041420
38,74,0.049107
38,75,0.123188
38,76,0.245098
38,77,0.362416
38,78,0.305785
38,79,0.336601
38,80,0.310708
38,81,1.523944
38,82,2.683398
38,83,0.058343
38,84,0.057057
38,85,0.138340
38,86,0.097561
38,87,0.192513
38,88,0.150838
38,89,0.183333
38,90,0.125828
38,91,0.090909
38,92,0.045045
38,93,0.115385
38,94,0.280000
38,99,0.125000
39,1,2.000000
39,2,2.000000
39,7,0.500000
39,11,1.000000
39,19,0.250000
39,20,0.250000
39,24,1.000000
39,25,0.684211
39,29,0.333333
39,34,1.000000
39,36,0.800000
39,37,0.200000
39,38,0.454545
39,39,1.000000
39,41,0.250000
39,43,0.625000
39,44,1.000000
39,45,0.800000
39,46,2.000000
39,47,0.833333
39,49,0.300000
39,50,0.245902
39,51,0.347368
39,52,1.177656
39,53,0.533772
39,54,0.293214
39,55,0.103870
39,56,0.040201
39,57,0.189840
39,58,0.181973
39,59,0.096880
39,60,0.113527
39,61,0.133333
39,62,0.104978
39,63,0.109756
39,64,0.166667
39,65,0.078125
39,66,0.086022
39,67,0.040909
39,68,0.038674
39,69,0.028302
39,70,0.049180
39,71,0.019802
39,72,0.082474
39,73,0.148760
39,74,0.091102
39,75,0.238372
39,76,0.439024
39,77,0.046980
39,78,0.058559
39,79,0.166667
39,80,0.615979
39,81,0.326108
39,82,0.077821
39,83,0.034387
39,84,0.095833
39,85,0.120603
39,86,0.017045
39,88,0.031008
39,89,0.007937
39,90,0.018692
39,91,0.086957
39,92,0.117647
39,93,0.043478
39,94,0.153846
40,1,0.500000
40,15,0.500000
40,20,1.000000
40,21,0.500000
40,23,0.266667
40,24,0.045455
40,25,1.333333
40,26,3.000000
40,27,1.000000
40,34,1.000000
40,35,1.142857
40,36,0.333333
40,40,2.666667
40,43,1.333333
40,44,2.500000
40,45,0.714286
40,46,1.666667
40,48,1.000000
40,49,0.055921
40,50,0.064145
40,51,0.103909
40,52,0.775987
40,53,0.418194
40,54,0.581263
40,55,0.169578
40,56,0.360656
40,57,0.090790
40,58,0.106942
40,59,0.062785
40,60,0.046756
40,61,0.075269
40,62,0.081633
40,63,0.037249
40,64,0.135359
40,65,0.209945
40,66,0.156951
40,67,0.192308
40,68,0.149171
40,69,0.037234
40,70,0.188755
40,71,0.331915
40,72,0.174825
40,73,0.036496
40,74,0.133956
40,75,0.006849
40,76,0.196023
40,77,0.016260
40,78,0.091346
40,79,0.052632
40,80,1.413793
40,81,1.080645
40,82,0.146667
40,83,0.046512
40,84,0.057692
40,85,0.044643
40,86,0.074324
40,87,0.066116
40,88,0.074074
40,89,0.009091
40,90,0.077922
40,91,0.075000
40,94,0.076923
40,96,0.076923
41,8,0.250000
41,13,1.000000
41,20,0.500000
41,21,0.250000
41,23,0.105263
41,24,0.142857
41,28,0.500000
41,29,1.000000
41,36,0.750000
41,37,0.333333
41,39,1.000000
41,41,0.400000
41,42,1.000000
41,43,0.666667
41,46,0.928571
41,47,1.000000
41,48,0.666667
41,49,0.143836
41,50,0.112410
41,51,0.227785
41,52,1.144250
41,53,0.366096
41,54,0.564370
41,55,0.619443
41,56,0.510193
41,57,0.152227
41,58,0.249530
41,59,0.196393
41,60,0.164208
41,61,0.154101
41,62,0.201031
41,63,0.145089
41,64,0.064198
41,65,0.068602
41,66,0.149425
41,67,0.063670
41,68,0.217573
41,69,0.211823
41,70,0.254630
41,71,0.100917
41,72,0.147170
41,73,0.025105
41,74,0.274834
41,75,0.075758
41,76,0.106952
41,77,0.060345
41,78,0.034043
41,79,0.048128
41,80,2.273585
41,81,0.018634
41,82,0.046512
41,83,0.063492
41,84,0.060773
41,85,0.254386
41,86,0.031250
41,87,0.051282
41,90,0.135593
41,91,0.169231
41,93,0.100000
41,94,0.150000
41,95,0.117647
41,96,0.500000
42,20,2.000000
42,22,1.500000
42,24,0.123288
42,26,0.500000
42,27,0.666667
42,28,2.000000
42,36,2.000000
42,37,0.750000
42,39,0.750000
42,40,1.000000
42,41,1.000000
42,42,0.250000
42,43,2.000000
42,45,1.000000
42,46,1.000000
42,47,0.500000
42,48,1.100000
42,49,1.315789
42,50,1.096774
42,51,0.166215
42,52,0.999727
42,53,1.035630
42,54,0.443670
42,55,1.368006
42,56,0.279606
42,57,0.154849
42,58,0.184470
42,59,0.074832
42,60,0.052216
42,61,0.051301
42,62,0.043108
42,63,0.039634
42,64,0.085347
42,65,0.060297
42,66,0.185185
42,67,0.070707
42,68,0.091837
42,69,0.008734
42,70,0.021645
42,71,0.046693
42,72,0.071429
42,73,0.037559
42,74,0.122517
42,75,0.049822
42,76,0.086957
42,77,0.047619
42,78,0.027586
42,79,0.036145
42,80,1.610272
42,81,0.006211
42,82,0.031008
42,83,0.057692
42,84,0.006993
42,85,0.041237
42,86,0.008929
42,87,0.045977
42,88,0.033708
42,90,0.111111
42,91,0.150000
42,92,0.135135
42,94,0.071429
42,96,0.100000
42,97,0.190476
42,98,0.111111
42,99,0.250000
43,23,0.500000
43,24,0.130000
43,25,0.035136
43,26,0.034196
43,32,1.000000
43,36,0.500000
43,37,0.555556
43,38,1.000000
43,40,1.000000
43,41,0.142857
43,44,1.000000
43,45,0.428571
43,46,0.840000
43,47,1.000000
43,48,1.200000
43,49,3.333333
43,50,0.807692
43,51,0.190544
43,52,1.015825
43,53,0.865543
43,54,0.854805
43,55,0.561204
43,56,0.330963
43,57,0.205537
43,58,0.286416
43,59,0.083247
43,60,0.061362
43,61,0.051095
43,62,0.079973
43,63,0.106405
43,64,0.055812
43,65,0.034047
43,66,0.131148
43,67,2.500000
43,68,0.111111
43,69,0.080000
43,70,0.030303
43,71,0.024390
43,72,0.010135
43,73,0.096296
43,74,0.106383
43,75,0.076046
43,76,0.128931
43,77,0.119681
43,78,0.063604
43,79,1.559165
43,80,0.857627
43,81,0.053435
43,82,0.020833
43,83,0.022727
43,84,0.056180
43,86,0.011236
43,87,0.034483
43,88,0.010417
43,89,0.038462
43,90,0.083885
43,91,0.131579
43,92,0.302326
43,93,0.125000
43,96,0.166667
43,97,0.666667
43,98,0.111111
44,7,0.333333
44,12,0.250000
44,13,1.000000
44,24,0.120301
44,25,0.098160
44,26,0.032817
44,27,1.333333
44,29,0.500000
44,35,2.000000
44,37,0.500000
44,38,0.125000
44,39,0.444444
44,40,0.750000
44,42,1.000000
44,43,2.500000
44,44,0.857143
44,45,1.500000
44,46,1.352941
44,47,1.571429
44,48,1.100000
44,49,3.400000
44,50,0.969697
44,51,1.266667
44,52,0.309359
44,53,1.051617
44,54,0.730372
44,55,0.219701
44,56,0.171612
44,57,0.136340
44,58,0.170288
44,59,0.118185
44,60,0.071776
44,61,0.086431
44,62,0.187841
44,63,0.042666
44,64,0.047452
44,65,0.032137
44,66,0.028640
44,67,0.148936
44,68,0.481481
44,69,0.288889
44,70,1.000000
44,71,0.064151
44,72,0.063232
44,73,0.187266
44,74,0.020468
44,75,0.036232
44,76,0.238938
44,77,0.406716
44,78,0.111111
44,79,1.626087
44,80,0.090226
44,81,0.042945
44,83,0.028037
44,84,0.103093
44,85,0.044118
44,86,0.065934
44,88,0.037736
44,89,0.100000
44,90,0.085271
44,91,0.180723
44,92,0.041667
44,93,0.052632
44,95,0.083333
44,97,0.230769
44,98,0.200000
45,3,1.000000
45,7,0.333333
45,15,1.000000
45,18,0.666667
45,24,0.309091
45,25,0.160000
45,27,0.800000
45,29,0.333333
45,32,1.500000
45,33,1.500000
45,37,0.200000
45,38,0.666667
45,39,1.000000
45,40,0.166667
45,41,1.000000
45,42,0.368421
45,43,1.333333
45,44,0.500000
45,45,1.500000
45,46,0.666667
45,47,0.666667
45,48,0.480000
45,49,2.120000
45,50,1.243697
45,51,1.120000
45,52,0.270744
45,53,0.870607
45,54,0.440651
45,55,0.183004
45,56,0.156403
45,57,0.164271
45,58,0.206600
45,59,0.114707
45,60,0.257748
45,61,0.272789
45,62,0.135663
45,63,0.073482
45,64,0.074483
45,65,0.090909
45,66,0.047154
45,67,0.042895
45,68,0.032051
45,69,0.043478
45,70,0.500000
45,71,0.041667
45,72,0.031250
45,73,0.199438
45,74,0.046610
45,75,0.047210
45,76,0.137427
45,77,0.055118
45,78,0.893617
45,79,1.012857
45,80,0.080918
45,81,0.100000
45,82,0.038095
45,83,0.007353
45,84,0.011628
45,85,0.038462
45,86,0.030928
45,87,0.022222
45,88,0.030612
45,89,0.041667
45,91,0.181818
45,92,0.250000
45,93,0.103448
45,96,0.100000
45,99,0.125000
46,4,1.000000
46,13,4.000000
46,14,0.894737
46,16,2.000000
46,19,1.000000
46,23,0.500000
46,24,1.000000
46,25,0.145455
46,28,0.333333
46,30,0.500000
46,35,2.000000
46,37,1.500000
46,38,0.800000
46,39,0.166667
46,40,0.600000
46,41,1.095238
46,42,1.000000
46,44,1.833333
46,45,0.545455
46,46,1.000000
46,47,1.400000
46,48,1.480000
46,49,0.642154
46,50,0.863510
46,51,1.044940
46,52,0.803815
46,53,0.760275
46,54,0.345688
46,55,0.270833
46,56,0.148148
46,57,0.203726
46,58,0.145747
46,59,0.417631
46,60,0.185744
46,61,0.288704
46,62,0.142962
46,63,0.074218
46,64,0.045790
46,65,0.038940
46,66,0.033937
46,67,0.061831
46,68,0.044084
46,69,0.080119
46,70,0.028571
46,71,0.041667
46,72,0.067857
46,73,0.394231
46,74,0.565217
46,75,0.036765
46,76,0.067532
46,77,0.116667
46,78,0.768091
46,79,0.213773
46,80,0.047138
46,81,0.041152
46,82,0.078125
46,83,0.006689
46,84,0.071429
46,85,0.010753
46,86,0.032967
46,87,0.135135
46,88,0.032520
46,89,0.054348
46,90,0.025641
46,91,0.125000
46,92,0.185185
46,93,0.037037
46,95,0.222222
46,96,0.047619
46,98,0.090909
47,14,1.000000
47,15,1.333333
47,23,2.000000
47,24,0.250000
47,25,0.157895
47,26,0.103261
47,27,0.129412
47,28,0.071111
47,29,0.219512
47,30,0.842105
47,31,1.000000
47,32,1.000000
47,37,0.294118
47,38,1.000000
47,39,0.866667
47,40,0.666667
47,41,0.333333
47,42,1.000000
47,43,0.641509
47,44,0.700000
47,46,0.625000
47,47,2.000000
47,48,1.680000
47,49,0.975057
47,50,0.883275
47,51,0.878313
47,52,0.400394
47,53,0.560932
47,54,0.666667
47,55,1.360000
47,56,0.056558
47,57,0.361464
47,58,0.544642
47,59,0.113859
47,60,0.229100
47,61,0.106643
47,62,0.130187
47,63,0.140295
47,64,0.025275
47,65,0.029136
47,66,0.049215
47,67,0.068966
47,68,0.080000
47,69,0.224719
47,70,0.031250
47,71,0.040230
47,72,0.114286
47,73,0.057348
47,74,0.039301
47,75,0.047794
47,76,0.059415
47,77,0.040000
47,78,0.516588
47,79,0.158924
47,80,0.242424
47,81,0.112245
47,82,0.141711
47,83,0.061224
47,85,0.102941
47,86,0.008333
47,87,0.114943
47,88,0.020833
47,89,0.065421
47,91,0.120000
47,92,0.264706
47,93,0.100000
47,94,0.105263
47,95,0.333333
47,96,0.090909
47,97,0.142857
48,1,0.250000
48,3,1.000000
48,9,0.500000
48,10,1.000000
48,11,1.000000
48,19,0.666667
48,24,0.333333
48,25,1.000000
48,26,0.115385
48,27,0.139535
48,28,0.085227
48,29,0.645161
48,30,0.833333
48,31,0.153846
48,32,0.400000
48,33,0.333333
48,35,1.000000
48,37,0.333333
48,39,1.166667
48,40,0.777778
48,41,0.428571
48,43,0.840000
48,44,0.500000
48,45,0.300971
48,46,0.189036
48,47,0.345395
48,48,0.840909
48,49,1.896446
48,50,0.877985
48,51,1.046087
48,52,0.676375
48,53,0.674040
48,54,0.175643
48,55,0.134955
48,56,0.293171
48,57,0.670286
48,58,1.092814
48,59,0.858462
48,60,0.531472
48,61,0.143450
48,62,0.320755
48,63,0.172973
48,64,0.143695
48,65,0.123253
48,66,0.117002
48,67,0.052083
48,68,0.171103
48,69,0.042440
48,70,0.032558
48,71,0.187500
48,72,0.367688
48,73,0.049743
48,74,0.010593
48,75,0.007143
48,76,0.328712
48,77,0.392787
48,78,0.081456
48,79,0.060000
48,80,0.242667
48,81,0.073118
48,82,0.078534
48,83,0.070064
48,84,0.033835
48,85,0.042781
48,86,0.059406
48,87,0.038835
48,88,0.037975
48,89,0.025641
48,90,0.072289
48,91,0.120690
48,92,0.166667
48,94,0.083333
48,96,0.600000
48,97,0.083333
48,99,0.166667
49,0,0.333333
49,1,0.400000
49,2,0.583333
49,3,0.333333
49,4,0.333333
49,12,0.250000
49,25,0.166667
49,27,1.166667
49,28,0.333333
49,30,0.333333
49,32,0.190476
49,37,3.000000
49,38,0.214286
49,39,0.333333
49,40,0.666667
49,41,0.315789
49,42,0.368421
49,43,0.714286
49,44,0.600000
49,45,0.265550
49,46,0.331878
49,47,0.267769
49,48,1.379310
49,49,1.169151
49,50,0.974252
49,51,0.974480
49,52,1.070744
49,53,1.303035
49,54,0.780773
49,55,0.344761
49,56,0.952941
49,57,0.490851
49,58,1.372964
49,59,0.214589
49,60,0.103040
49,61,0.066023
49,62,0.104396
49,63,0.134831
49,64,0.081395
49,65,0.043614
49,66,0.026365
49,67,0.108108
49,68,0.016393
49,69,0.038462
49,70,0.017730
49,71,0.450000
49,72,0.128593
49,73,0.042216
49,74,0.052490
49,75,0.202536
49,76,0.405088
49,77,0.533333
49,78,0.309932
49,79,0.102528
49,80,0.221258
49,81,0.096774
49,82,0.244000
49,83,0.032258
49,84,0.046392
49,85,0.038961
49,86,0.056250
49,87,0.060150
49,88,0.111111
49,89,0.076087
49,90,0.076555
49,91,0.027027
49,92,0.200000
49,95,0.076923
49,97,0.125000
49,98,0.142857
50,0,0.666667
50,3,0.333333
50,4,0.200000
50,5,0.200000
50,12,0.500000
50,26,0.250000
50,27,0.500000
50,28,1.000000
50,30,0.217391
50,31,0.285714
50,32,0.625000
50,35,1.000000
50,37,1.000000
50,38,1.100000
50,39,0.500000
50,40,0.357143
50,41,0.268293
50,42,0.241758
50,43,0.545455
50,44,0.370370
50,45,0.248815
50,46,0.243827
50,47,0.246073
50,48,1.120000
50,49,1.649351
50,50,0.961780
50,51,1.138599
50,52,1.125348
50,53,1.270696
50,54,0.942839
50,55,0.420602
50,56,0.323529
50,57,0.132333
50,58,0.835844
50,59,0.668547
50,60,0.178196
50,61,0.175364
50,62,0.333333
50,63,0.392593
50,64,0.096591
50,65,0.093190
50,66,0.148036
50,67,0.042821
50,68,0.020045
50,69,0.032911
50,70,0.021429
50,71,0.154345
50,72,0.024845
50,73,0.069576
50,74,1.224286
50,75,0.137138
50,76,0.970874
50,77,0.184397
50,78,0.040900
50,79,0.060172
50,80,0.083056
50,81,0.050808
50,82,0.023018
50,83,0.039106
50,84,0.064286
50,85,0.013333
50,86,0.048387
50,87,0.038462
50,88,0.052632
50,89,0.037037
50,90,0.052632
50,91,0.144068
50,92,0.123596
50,93,0.029412
50,98,0.142857
50,99,0.125000
51,1,0.500000
51,2,0.333333
51,5,0.200000
51,7,0.285714
51,10,1.000000
51,13,0.250000
51,14,1.000000
51,15,0.666667
51,17,0.375000
51,18,1.000000
51,19,1.000000
51,25,0.500000
51,26,0.444444
51,29,0.285714
51,30,0.375000
51,31,0.083333
51,32,0.454545
51,33,0.250000
51,35,0.600000
51,37,0.500000
51,39,0.500000
51,40,0.920000
51,41,0.533333
51,42,0.560976
51,43,0.491525
51,44,0.617021
51,45,0.264808
51,46,0.351852
51,47,0.261084
51,48,1.053571
51,49,0.939394
51,50,0.667794
51,51,1.183069
51,52,1.083940
51,53,1.152296
51,54,1.241122
51,55,0.650286
51,56,0.484404
51,57,1.157143
51,58,0.188759
51,59,0.239475
51,60,0.047264
51,61,0.148235
51,62,0.454212
51,63,0.139738
51,64,0.238636
51,65,0.410835
51,66,0.279096
51,67,0.237261
51,68,0.415020
51,69,0.282353
51,70,0.118270
51,71,0.230167
51,72,0.159867
51,73,0.281597
51,74,0.035135
51,75,0.747024
51,76,0.412186
51,77,0.028796
51,78,0.038391
51,79,0.037500
51,80,0.034043
51,81,0.013100
51,82,0.031690
51,83,0.018797
51,85,0.388889
51,86,0.117647
51,87,0.246575
51,88,0.106195
51,89,0.057851
51,90,0.146067
51,91,0.185185
51,92,0.139785
51,93,0.037975
51,94,0.044118
51,95,0.066667
51,97,0.086957
51,98,0.066667
51,99,0.625000
52,1,2.000000
52,3,0.700000
52,4,0.500000
52,5,1.000000
52,10,2.000000
52,11,0.400000
52,12,0.500000
52,13,0.600000
52,16,0.500000
52,18,0.250000
52,22,1.000000
52,24,2.000000
52,25,0.250000
52,27,0.189189
52,28,0.210526
52,29,0.428571
52,30,0.666667
52,31,0.750000
52,32,0.416667
52,33,0.315789
52,34,0.250000
52,35,0.333333
52,36,1.000000
52,37,0.333333
52,39,3.000000
52,40,1.833333
52,41,0.877301
52,42,0.464567
52,43,0.484848
52,44,0.545455
52,45,0.829060
52,46,1.154116
52,47,0.348008
52,48,0.928571
52,49,1.020833
52,50,0.589822
52,51,1.296709
52,52,1.195120
52,53,1.238351
52,54,1.159873
52,55,0.669088
52,56,0.770235
52,57,0.386997
52,58,0.264776
52,59,0.352159
52,60,0.244048
52,61,0.283654
52,62,0.672535
52,63,0.632371
52,64,1.761682
52,65,0.760563
52,66,0.046948
52,67,0.045392
52,68,0.043779
52,69,0.132588
52,70,0.554809
52,71,0.480285
52,72,0.407948
52,73,0.028100
52,74,0.192308
52,75,1.835821
52,76,0.506849
52,77,0.054348
52,78,0.036965
52,79,0.041899
52,80,0.033943
52,81,0.036842
52,82,0.018957
52,83,0.013761
52,85,0.017544
52,86,0.025641
52,88,0.113636
52,89,0.193878
52,90,0.289474
52,91,0.277778
52,92,0.408696
52,93,0.041096
52,94,0.055556
52,96,0.148148
52,97,0.296296
52,98,0.166667
52,99,0.250000
53,1,0.333333
53,4,1.000000
53,8,1.000000
53,11,0.500000
53,19,1.600000
53,20,0.250000
53,25,1.500000
53,26,0.333333
53,27,0.200000
53,28,0.354430
53,29,0.380952
53,30,0.222222
53,33,1.000000
53,34,0.500000
53,35,1.000000
53,37,0.600000
53,38,2.333333
53,39,1.166667
53,40,0.714286
53,41,0.774648
53,42,0.318584
53,43,0.473684
53,44,0.375000
53,45,0.521127
53,46,0.328330
53,47,0.260069
53,48,0.500000
53,49,0.936709
53,50,0.947773
53,51,1.038597
53,52,1.237798
53,53,1.175205
53,54,0.977512
53,55,0.794641
53,56,0.349432
53,57,0.845161
53,58,0.108113
53,59,0.284716
53,60,1.030303
53,61,0.296334
53,62,0.353994
53,63,0.158009
53,64,0.329882
53,65,0.222543
53,66,0.175221
53,67,0.136364
53,68,0.415827
53,69,0.606106
53,70,0.441681
53,71,0.093347
53,72,0.137201
53,73,0.319051
53,74,0.446908
53,75,1.233333
53,76,0.222222
53,77,0.066667
53,78,0.048276
53,79,0.101449
53,80,0.050898
53,81,0.062857
53,82,0.044335
53,83,0.037618
53,84,0.010811
53,85,0.125000
53,86,0.009709
53,87,0.020134
53,88,0.021739
53,89,0.013889
53,90,0.137931
53,92,0.368421
53,93,0.227848
53,94,0.170213
53,95,0.104167
53,96,0.192308
53,97,0.178571
53,98,0.583333
53,99,0.555556
54,1,0.305556
54,5,0.333333
54,6,1.000000
54,13,0.500000
54,18,1.000000
54,23,1.000000
54,24,0.600000
54,25,0.250000
54,26,0.454545
54,27,0.240000
54,28,0.600000
54,29,0.178571
54,34,0.500000
54,38,2.000000
54,39,1.000000
54,41,0.705882
54,42,0.625000
54,43,0.391304
54,44,0.739130
54,45,0.352459
54,46,0.221138
54,47,0.254296
54,48,0.281071
54,49,1.129630
54,50,0.869076
54,51,1.136149
54,52,1.224515
54,53,1.035715
54,54,1.135510
54,55,1.077169
54,56,0.957539
54,57,1.126638
54,58,0.384038
54,59,0.805081
54,60,0.852564
54,61,0.391147
54,62,0.290249
54,63,1.157858
54,64,1.326121
54,65,0.832144
54,66,0.833132
54,67,0.556851
54,68,0.255980
54,69,0.228116
54,70,0.063922
54,71,0.068493
54,72,0.038560
54,73,0.063389
54,74,1.175793
54,75,2.150685
54,76,0.175573
54,77,0.213457
54,78,0.149758
54,79,0.124138
54,80,0.103448
54,82,0.076389
54,83,0.028011
54,84,0.118421
54,86,0.020202
54,87,0.008197
54,90,0.142857
54,91,0.566667
54,92,0.041237
54,93,0.113636
54,94,0.046512
54,95,0.075000
54,96,0.137931
54,98,0.100000
55,3,1.000000
55,5,0.500000
55,6,1.000000
55,15,0.250000
55,18,3.000000
55,23,1.000000
55,24,0.333333
55,27,0.375000
55,28,0.214286
55,29,0.600000
55,30,0.600000
55,31,0.333333
55,34,0.333333
55,36,0.800000
55,37,1.333333
55,38,0.500000
55,40,1.333333
55,41,0.200000
55,42,1.000000
55,43,0.250000
55,44,0.756098
55,45,0.241379
55,46,0.247283
55,47,0.256983
55,48,0.357143
55,49,0.857143
55,50,0.516441
55,51,1.240826
55,52,1.271688
55,53,1.126741
55,54,1.126354
55,55,1.044170
55,56,0.967699
55,57,1.045181
55,58,0.241137
55,59,0.848661
55,60,0.504379
55,61,0.913198
55,62,1.680670
55,63,0.656103
55,64,0.569229
55,65,0.482208
55,66,0.525666
55,67,0.567568
55,68,0.388881
55,69,0.262175
55,70,0.136163
55,71,0.074180
55,72,0.033670
55,73,0.085246
55,74,0.248337
55,75,0.513514
55,76,0.096774
55,77,0.104811
55,78,0.068493
55,79,0.115385
55,82,0.022059
55,83,0.021277
55,85,0.073394
55,86,0.035088
55,87,0.014085
55,90,0.275862
55,91,0.029412
55,92,0.021739
55,93,0.033333
55,94,0.069767
55,95,0.031250
56,9,0.500000
56,15,1.000000
56,26,0.600000
56,29,0.500000
56,30,0.666667
56,31,3.000000
56,34,0.500000
56,35,0.875000
56,41,1.666667
56,42,0.625000
56,43,1.000000
56,44,0.371429
56,45,0.418182
56,46,0.327731
56,47,0.269182
56,48,0.284314
56,49,0.900000
56,50,0.120116
56,51,0.991444
56,52,0.916809
56,53,1.238693
56,54,0.879849
56,55,1.043651
56,56,1.038908
56,57,0.791287
56,58,0.625000
56,59,0.401881
56,60,1.212524
56,61,0.698788
56,62,1.076887
56,63,0.983030
56,64,0.543738
56,65,0.857268
56,66,0.340139
56,67,0.278387
56,68,0.068906
56,69,0.075668
56,70,0.100281
56,71,0.105430
56,72,0.064433
56,73,0.238225
56,74,0.044693
56,75,0.121212
56,76,0.244635
56,77,0.081803
56,78,0.091988
56,79,0.028777
56,81,0.076923
56,82,0.019737
56,83,0.008696
56,84,0.063492
56,85,0.030303
56,86,0.011236
56,87,0.090226
56,88,0.045455
56,89,0.074627
56,91,0.028571
56,92,0.008772
56,93,0.028302
56,94,0.085366
56,95,0.074074
56,96,0.076923
56,97,0.111111
56,99,0.166667
57,8,0.500000
57,9,0.333333
57,13,0.500000
57,14,0.800000
57,18,1.000000
57,21,0.500000
57,26,1.000000
57,29,0.625000
57,30,0.250000
57,33,0.500000
57,34,0.166667
57,35,0.937500
57,36,0.230769
57,37,0.444444
57,38,0.375000
57,39,0.500000
57,41,0.500000
57,42,0.333333
57,43,1.666667
57,44,0.125000
57,45,0.405797
57,46,0.409091
57,47,0.531746
57,48,0.345455
57,49,0.833333
57,50,1.015873
57,51,0.265401
57,52,0.904768
57,53,1.277528
57,54,0.906958
57,55,0.871286
57,56,1.139386
57,57,1.101975
57,58,0.788587
57,59,0.483246
57,60,0.833833
57,61,0.792373
57,62,0.394731
57,63,0.379411
57,64,0.264221
57,65,0.145756
57,66,0.651838
57,67,0.720269
57,68,0.549621
57,69,0.462657
57,70,0.392275
57,71,0.382874
57,72,0.174491
57,73,0.205369
57,74,0.479104
57,75,0.443038
57,76,0.145089
57,77,0.040033
57,78,0.054054
57,79,0.084848
57,80,0.088398
57,81,0.008475
57,82,0.013333
57,83,0.082474
57,84,0.041667
57,85,0.109589
57,87,0.043478
57,88,0.050000
57,89,0.127660
57,90,0.040000
57,91,0.076923
57,92,0.038462
57,94,0.074074
57,95,0.093750
57,96,0.114583
58,6,1.500000
58,9,1.000000
58,10,0.500000
58,11,0.666667
58,19,0.333333
58,21,1.500000
58,23,0.333333
58,24,0.666667
58,27,1.000000
58,30,1.333333
58,32,1.000000
58,38,0.500000
58,39,3.000000
58,40,0.666667
58,41,0.384615
58,42,2.000000
58,43,0.833333
58,44,0.666667
58,45,0.827586
58,46,0.433333
58,47,0.463415
58,48,0.410609
58,49,0.652632
58,50,0.896825
58,51,0.547332
58,52,0.881670
58,53,1.155488
58,54,1.078024
58,55,0.912733
58,56,1.006262
58,57,1.391641
58,58,0.787273
58,59,0.143354
58,60,0.186659
58,61,1.264066
58,62,0.793175
58,63,0.656719
58,64,0.223756
58,65,0.053381
58,66,0.465084
58,67,0.298088
58,68,0.111872
58,69,0.079646
58,70,0.274750
58,71,0.126789
58,72,0.427160
58,73,1.037975
58,74,0.216000
58,75,0.275000
58,76,0.204045
58,77,0.062169
58,78,0.037825
58,79,0.045161
58,80,0.122047
58,82,0.072115
58,83,0.031579
58,84,0.011494
58,85,0.038961
58,86,0.023585
58,87,0.040268
58,88,3.000000
58,91,0.047619
58,92,0.039216
58,93,0.066667
58,96,0.150000
58,97,0.142857
59,17,1.000000
59,20,0.500000
59,25,0.666667
59,28,1.000000
59,38,2.333333
59,40,0.150943
59,41,0.571429
59,42,1.130435
59,43,0.250000
59,44,1.666667
59,45,0.380952
59,46,0.681818
59,47,0.622222
59,48,0.938603
59,49,0.913462
59,50,1.016949
59,51,0.943038
59,52,0.963107
59,53,1.113221
59,54,1.187890
59,55,0.991959
59,56,1.067471
59,57,1.123417
59,58,1.009478
59,59,0.852661
59,60,0.201826
59,61,0.394844
59,62,1.004485
59,63,0.490076
59,64,0.470027
59,65,0.085376
59,66,0.901338
59,67,0.654061
59,68,0.867601
59,69,0.263797
59,70,0.431034
59,71,0.152322
59,72,0.019835
59,73,1.428571
59,74,0.133333
59,75,0.656716
59,76,0.677672
59,77,0.110054
59,78,0.099078
59,79,0.140449
59,80,0.057377
59,81,0.020833
59,82,0.025424
59,83,0.031056
59,84,0.024096
59,85,0.058296
59,86,0.028302
59,88,0.036585
59,89,0.035714
59,90,0.025641
59,91,0.011765
59,92,0.111111
59,93,1.000000
59,95,0.428571
59,97,0.125000
59,98,0.500000
60,0,1.000000
60,1,1.000000
60,11,0.642857
60,18,0.500000
60,21,0.125000
60,26,0.666667
60,27,0.250000
60,28,1.000000
60,30,1.000000
60,32,3.000000
60,36,0.666667
60,37,0.866667
60,38,0.333333
60,39,1.250000
60,40,1.250000
60,41,1.000000
60,42,0.545455
60,43,0.333333
60,44,0.666667
60,45,0.285714
60,46,0.622222
60,47,0.593750
60,48,0.573333
60,49,0.500000
60,50,0.533333
60,51,0.795699
60,52,0.328337
60,53,1.006713
60,54,1.242775
60,55,0.855379
60,56,1.113222
60,57,1.046464
60,58,0.964903
60,59,1.048620
60,60,0.135302
60,61,0.070103
60,62,0.663697
60,63,0.642174
60,64,0.696690
60,65,0.527778
60,66,0.631221
60,67,0.883266
60,68,0.587695
60,69,1.066531
60,70,0.285165
60,71,2.235718
60,72,1.979249
60,73,2.600000
60,74,0.042895
60,75,0.384615
60,76,0.295213
60,77,0.090909
60,78,0.020000
60,79,0.043011
60,80,0.009709
60,81,0.020000
60,82,0.042735
60,83,0.013889
60,84,0.007246
60,86,0.020833
60,88,0.018349
60,90,0.095238
60,91,0.020833
60,94,0.111111
60,95,0.076923
60,99,0.090909
61,12,0.666667
61,13,0.333333
61,16,0.500000
61,27,1.000000
61,30,1.000000
61,31,0.500000
61,33,0.500000
61,36,0.333333
61,38,2.000000
61,39,0.571429
61,40,0.500000
61,41,1.500000
61,42,0.500000
61,43,0.947368
61,44,0.666667
61,45,0.625000
61,46,0.355372
61,47,0.505263
61,48,0.634146
61,49,0.500000
61,50,0.565217
61,51,0.949275
61,52,0.918919
61,53,0.924184
61,54,1.105308
61,55,0.890087
61,56,0.941967
61,57,1.074110
61,58,0.965388
61,59,0.939995
61,60,0.960212
61,61,0.111702
61,62,0.080698
61,63,0.575412
61,64,0.207350
61,65,0.350087
61,66,0.061851
61,67,0.035200
61,68,2.931596
61,69,0.730769
61,70,2.046810
61,71,3.468000
61,72,1.771429
61,73,2.200000
61,74,0.081081
61,75,0.138889
61,76,0.392857
61,77,0.035714
61,78,0.031579
61,81,0.010870
61,82,0.030769
61,83,0.009804
61,84,0.012195
61,85,0.012987
61,88,0.011364
61,89,0.068182
61,90,0.094340
61,91,0.057143
61,95,0.162791
61,99,0.166667
62,11,0.066667
62,13,0.272727
62,16,1.000000
62,21,1.000000
62,22,1.000000
62,26,0.750000
62,28,1.000000
62,37,0.500000
62,40,0.400000
62,41,0.200000
62,42,0.500000
62,43,0.666667
62,44,0.727273
62,45,0.506849
62,46,0.823529
62,47,0.758621
62,48,0.590909
62,49,0.568182
62,50,0.452675
62,51,0.556522
62,52,1.144144
62,53,0.806274
62,54,1.228904
62,55,0.894994
62,56,0.879477
62,57,1.066169
62,58,1.018890
62,59,0.936018
62,60,1.240968
62,61,1.227848
62,62,1.424870
62,63,0.214000
62,64,0.185163
62,65,0.063556
62,66,0.060811
62,67,0.100000
62,68,2.666667
62,69,0.684211
62,70,1.115385
62,71,1.727273
62,72,2.000000
62,73,0.909091
62,74,0.064655
62,75,0.039604
62,76,0.380952
62,77,0.090909
62,79,0.006211
62,80,0.033708
62,81,0.012048
62,82,0.045455
62,83,0.003497
62,84,0.029762
62,88,0.042553
62,90,0.058824
62,91,0.075000
62,93,0.227273
62,94,0.150000
63,10,0.333333
63,13,0.666667
63,18,0.250000
63,40,0.285714
63,41,0.750000
63,42,0.833333
63,44,0.666667
63,45,0.246445
63,46,0.236842
63,47,0.500000
63,48,0.777778
63,49,0.783784
63,50,0.743590
63,51,0.380645
63,52,0.779070
63,53,0.984375
63,54,0.757661
63,55,1.066965
63,56,0.833737
63,57,0.561263
63,58,0.957940
63,59,1.037548
63,60,0.546173
63,61,0.816327
63,62,0.694215
63,63,0.208333
63,64,0.052402
63,65,0.153061
63,66,0.772727
63,67,1.210526
63,68,1.400000
63,69,2.500000
63,70,2.000000
63,71,0.666667
63,72,0.122807
63,73,0.025641
63,74,0.069620
63,75,0.071006
63,76,0.061538
63,77,0.071942
63,78,0.012048
63,79,0.037037
63,80,0.082759
63,81,0.008065
63,82,0.039474
63,83,0.007143
63,84,0.013514
63,85,0.200000
63,90,0.075000
63,91,0.128049
63,92,0.096774
63,93,0.047619
63,94,0.083333
63,99,0.250000
64,15,1.000000
64,21,2.000000
64,23,1.000000
64,28,1.000000
64,31,2.000000
64,37,0.750000
64,39,0.333333
64,41,0.437500
64,42,0.800000
64,43,0.666667
64,44,0.125000
64,45,0.318919
64,46,0.235294
64,47,0.750000
64,48,0.605263
64,49,0.384615
64,50,0.687500
64,51,0.398374
64,52,0.430464
64,53,1.000000
64,54,0.131310
64,55,0.950708
64,56,0.783885
64,57,0.975670
64,58,1.153313
64,59,0.592335
64,60,0.813420
64,61,0.228801
64,62,0.756757
64,63,0.661871
64,64,0.862069
64,65,1.545455
64,66,0.883721
64,67,1.571429
64,68,1.200000
64,69,0.375000
64,70,0.625000
64,71,1.333333
64,72,0.750000
64,73,0.041667
64,74,0.037313
64,75,0.044944
64,77,0.095652
64,78,0.099174
64,79,0.030000
64,80,0.008929
64,81,0.022556
64,83,0.085470
64,84,0.069767
64,89,0.058824
64,91,0.107143
64,92,0.111111
64,93,0.250000
64,95,0.100000
65,4,0.333333
65,9,0.500000
65,11,0.500000
65,14,1.000000
65,15,0.181818
65,17,0.500000
65,18,1.000000
65,30,0.500000
65,33,1.000000
65,35,0.920000
65,37,1.000000
65,40,1.000000
65,41,0.214286
65,42,0.176471
65,43,0.683333
65,44,0.363636
65,45,1.000000
65,46,0.588235
65,47,0.555556
65,48,0.444444
65,49,0.428571
65,50,0.481481
65,51,0.671642
65,52,0.404255
65,53,1.025641
65,54,1.157143
65,55,0.696435
65,56,1.087692
65,57,0.936739
65,58,0.865772
65,59,0.717536
65,60,0.896011
65,61,0.425378
65,62,0.290768
65,63,0.404951
65,64,0.444444
65,65,1.333333
65,66,1.833333
65,67,0.857143
65,68,2.500000
65,71,0.428571
65,72,0.666667
65,73,1.000000
65,74,0.028571
65,77,0.075758
65,79,0.010000
65,82,0.333333
65,89,0.166667
65,90,0.062500
65,91,0.040000
65,93,0.076923
65,95,0.051282
65,96,0.111111
65,97,0.166667
65,99,0.105263
66,1,0.416667
66,3,1.000000
66,5,1.000000
66,13,1.000000
66,15,0.250000
66,18,0.375000
66,20,1.000000
66,28,1.000000
66,39,0.333333
66,40,1.000000
66,41,1.000000
66,42,0.235294
66,43,0.272727
66,44,0.400000
66,45,0.666667
66,46,1.000000
66,47,1.000000
66,48,0.400000
66,49,0.600000
66,50,1.416667
66,51,0.800000
66,52,0.485294
66,53,0.863636
66,54,1.166667
66,55,0.153092
66,56,0.982784
66,57,0.725280
66,58,0.863682
66,59,0.658698
66,60,0.463696
66,61,0.726950
66,62,0.400350
66,63,1.062370
66,64,0.170507
66,65,0.104762
66,66,0.944444
66,67,1.000000
66,68,0.750000
66,69,1.000000
66,70,1.333333
66,71,1.333333
66,72,1.333333
66,73,3.000000
66,74,0.571429
66,76,0.500000
66,77,0.454545
66,83,1.000000
66,90,0.050000
66,92,0.666667
66,95,0.133333
66,96,0.153846
67,15,1.000000
67,24,0.500000
67,31,0.500000
67,32,1.000000
67,35,1.000000
67,36,0.666667
67,37,0.187500
67,38,3.000000
67,40,0.317073
67,41,0.250000
67,43,0.666667
67,44,1.000000
67,45,0.700000
67,46,1.000000
67,47,0.250000
67,48,0.600000
67,49,0.700000
67,50,0.800000
67,51,1.000000
67,52,0.518519
67,53,0.538462
67,54,0.750000
67,55,0.764706
67,56,1.319205
67,57,0.829254
67,58,0.723245
67,59,0.352306
67,60,0.518575
67,61,0.587908
67,62,0.290278
67,63,0.263473
67,64,0.255725
67,65,0.180124
67,66,0.142857
67,67,2.000000
67,68,0.687500
67,69,0.428571
67,70,0.259259
67,71,0.285714
67,73,0.068182
67,76,1.000000
67,81,0.500000
67,82,0.888889
67,83,2.000000
67,90,0.076923
67,95,0.250000
67,99,0.400000
68,1,1.000000
68,4,0.500000
68,13,1.000000
68,14,0.666667
68,18,1.000000
68,20,0.600000
68,22,0.250000
68,23,0.428571
68,26,0.666667
68,27,1.000000
68,30,2.000000
68,31,0.857143
68,32,0.750000
68,35,0.666667
68,36,0.451613
68,37,0.215686
68,38,0.222222
68,40,0.200000
68,41,0.160000
68,42,0.400000
68,43,1.000000
68,47,1.000000
68,48,1.142857
68,49,0.809524
68,50,0.111111
68,51,0.200000
68,52,0.518519
68,53,0.233333
68,54,0.850000
68,55,0.875000
68,56,0.059027
68,57,1.102142
68,58,0.659655
68,59,0.503999
68,60,0.539524
68,61,0.238792
68,62,0.715839
68,63,0.078998
68,64,0.050000
68,65,0.111111
68,66,0.029126
68,67,0.095238
68,68,0.062500
68,69,0.068966
68,71,5.000000
68,72,0.166667
68,73,0.013423
68,74,0.500000
68,75,1.000000
68,76,1.400000
68,77,0.666667
68,80,0.024691
68,82,0.043478
68,84,0.333333
68,86,0.200000
68,88,0.500000
68,89,0.500000
68,92,0.500000
68,94,0.166667
68,96,0.083333
68,99,0.285714
69,3,1.000000
69,6,0.428571
69,20,0.571429
69,21,1.500000
69,22,0.666667
69,26,0.750000
69,28,0.666667
69,31,0.500000
69,34,0.571429
69,35,0.250000
69,37,0.387097
69,38,1.000000
69,39,0.500000
69,40,1.000000
69,41,0.432432
69,42,0.076923
69,43,1.000000
69,44,1.500000
69,45,0.666667
69,46,2.000000
69,47,0.500000
69,48,2.000000
69,49,0.857143
69,50,1.000000
69,51,1.111111
69,52,0.523810
69,53,0.428571
69,54,0.736842
69,55,1.083333
69,56,1.260870
69,57,0.880615
69,58,1.209873
69,59,0.223958
69,60,0.280380
69,61,0.482158
69,62,0.795715
69,63,0.121918
69,64,0.096051
69,65,0.051969
69,66,0.082812
69,67,0.086331
69,68,0.050420
69,70,0.937500
69,71,0.103448
69,72,0.057377
69,73,0.151515
69,74,0.112903
69,75,0.964286
69,77,0.023256
69,81,0.142857
69,82,2.000000
69,83,1.000000
69,87,0.066667
69,90,0.333333
69,91,0.200000
69,92,0.400000
69,94,1.000000
69,97,1.000000
70,19,1.000000
70,20,1.000000
70,21,0.285714
70,22,0.571429
70,23,0.500000
70,32,0.375000
70,35,0.875000
70,37,0.250000
70,41,0.666667
70,42,0.142857
70,43,2.000000
70,45,1.000000
70,46,1.000000
70,47,2.000000
70,48,0.750000
70,49,0.777778
70,50,0.300000
70,51,1.714286
70,52,0.250000
70,53,0.500000
70,54,1.000000
70,55,0.676471
70,56,1.529412
70,57,0.815531
70,58,0.805736
70,59,0.226215
70,60,0.183993
70,61,0.209308
70,62,0.403213
70,63,0.121404
70,64,0.155491
70,65,0.095331
70,66,0.061765
70,67,0.136674
70,68,0.051724
70,69,0.042857
70,70,0.112676
70,71,0.040000
70,72,0.023438
70,73,0.038961
70,74,0.037736
70,75,0.132075
70,76,0.571429
70,77,0.059701
70,78,0.023952
70,79,0.028037
70,80,0.018519
70,81,0.166667
70,82,1.000000
70,87,3.000000
70,90,0.500000
70,92,0.500000
70,99,0.800000
71,2,1.000000
71,7,1.000000
71,9,0.500000
71,12,1.000000
71,16,0.333333
71,20,1.000000
71,22,0.333333
71,23,1.000000
71,26,1.000000
71,31,0.750000
71,33,1.000000
71,34,0.333333
71,35,0.500000
71,36,1.000000
71,37,0.500000
71,38,0.500000
71,40,2.000000
71,41,0.666667
71,42,0.217391
71,43,0.285714
71,47,0.400000
71,48,2.000000
71,49,0.500000
71,50,0.684211
71,51,1.250000
71,52,0.666667
71,53,0.235294
71,54,0.500000
71,55,0.297872
71,56,1.250000
71,57,1.208333
71,58,0.750290
71,59,0.373986
71,60,0.191652
71,61,0.166164
71,62,0.075188
71,63,0.190547
71,64,0.106487
71,65,0.148936
71,66,0.131980
71,67,0.071926
71,68,0.202970
71,69,0.107438
71,70,0.198880
71,71,0.068548
71,72,0.051213
71,73,0.040230
71,74,0.020000
71,75,0.488889
71,77,0.052632
71,78,0.009434
71,79,0.037037
71,80,0.333333
71,81,1.000000
71,83,1.000000
71,95,1.333333
71,96,0.500000
71,98,0.333333
72,5,1.000000
72,6,0.666667
72,8,1.000000
72,15,0.250000
72,21,0.250000
72,22,0.500000
72,23,0.285714
72,25,0.500000
72,27,2.000000
72,29,0.333333
72,32,0.333333
72,33,1.200000
72,35,0.200000
72,36,0.500000
72,37,0.538462
72,38,0.437500
72,39,0.400000
72,40,0.230769
72,43,1.333333
72,44,0.250000
72,45,0.200000
72,46,1.000000
72,48,0.500000
72,49,1.000000
72,50,0.500000
72,51,0.571429
72,52,0.625000
72,53,0.500000
72,54,0.240000
72,55,0.597701
72,56,0.692308
72,57,0.928571
72,58,0.125641
72,59,0.709075
72,60,0.086611
72,61,0.169142
72,62,0.137887
72,63,0.184778
72,64,0.106667
72,65,0.138211
72,66,0.092593
72,67,0.054422
72,68,0.128205
72,69,0.020124
72,70,0.028037
72,71,0.108974
72,72,0.153595
72,73,0.132203
72,74,0.147541
72,75,0.346154
72,76,0.066667
72,77,0.062069
72,78,0.011494
72,80,0.500000
72,81,0.750000
72,82,3.000000
72,83,1.250000
72,95,0.428571
72,96,0.571429
72,97,0.357143
72,98,1.000000
73,21,1.000000
73,22,0.500000
73,23,0.714286
73,30,1.250000
73,31,0.600000
73,32,0.666667
73,33,0.461538
73,35,0.571429
73,36,0.600000
73,37,0.375000
73,38,0.166667
73,39,0.166667
73,42,0.250000
73,44,0.600000
73,45,0.500000
73,47,1.000000
73,48,1.000000
73,49,1.000000
73,50,0.750000
73,51,0.375000
73,52,1.200000
73,53,0.833333
73,54,0.652174
73,55,0.720000
73,56,1.000000
73,57,1.750000
73,58,1.500000
73,59,0.295396
73,60,0.416658
73,61,0.055814
73,62,0.111005
73,63,0.176686
73,64,0.066897
73,65,0.122066
73,66,0.113695
73,67,0.044355
73,68,0.043077
73,69,0.030837
73,70,0.018519
73,71,0.156028
73,72,0.119580
73,73,0.245455
73,74,0.196319
73,76,0.092593
73,77,0.077519
73,78,0.037500
73,81,1.000000
73,82,0.888889
73,83,0.333333
73,84,0.250000
73,92,1.000000
74,13,0.176471
74,18,0.333333
74,21,0.333333
74,22,0.333333
74,27,1.000000
74,30,0.416667
74,31,3.000000
74,33,1.000000
74,34,2.000000
74,35,0.300000
74,36,0.230769
74,37,0.142857
74,41,1.500000
74,42,0.428571
74,43,0.250000
74,44,2.000000
74,45,0.250000
74,47,1.000000
74,48,0.809524
74,49,0.600000
74,50,0.625000
74,51,0.500000
74,52,0.666667
74,53,0.250000
74,54,0.333333
74,55,0.285714
74,56,0.666667
74,57,0.666667
74,58,1.000000
74,59,0.089449
74,60,0.426568
74,61,0.064653
74,62,0.066667
74,63,0.161090
74,64,0.109560
74,65,0.075843
74,66,0.065693
74,67,0.238095
74,68,0.130435
74,69,0.090909
74,70,0.264574
74,71,0.065817
74,72,0.048123
74,73,0.353728
74,74,0.280864
74,75,0.065934
74,76,0.015748
74,77,0.013986
74,78,0.329897
74,79,1.000000
74,81,1.000000
74,84,0.500000
74,87,1.000000
75,14,0.230769
75,21,0.500000
75,22,0.333333
75,23,0.333333
75,28,0.750000
75,29,1.000000
75,30,0.500000
75,33,0.571429
75,34,1.000000
75,35,1.000000
75,36,0.166667
75,39,0.500000
75,40,1.666667
75,41,1.000000
75,42,0.289474
75,43,1.142857
75,44,2.000000
75,47,1.000000
75,48,0.857143
75,49,0.500000
75,50,0.722222
75,51,0.714286
75,52,0.250000
75,53,0.866667
75,54,0.428571
75,55,0.272727
75,56,0.133333
75,57,0.400000
75,58,0.750000
75,59,0.826087
75,60,0.370486
75,61,0.097488
75,62,0.291096
75,63,0.137803
75,64,0.084581
75,65,0.061041
75,66,0.201149
75,67,0.140127
75,68,0.142857
75,69,0.095941
75,70,0.125000
75,71,0.116923
75,72,0.075000
75,73,0.109827
75,74,0.148649
75,75,0.115385
75,76,0.014423
75,77,0.040230
75,78,0.012195
75,82,0.055556
75,87,1.000000
75,92,1.000000
75,95,0.214286
75,96,0.500000
76,1,0.916667
76,13,2.000000
76,16,0.333333
76,17,0.500000
76,22,1.000000
76,23,0.400000
76,24,0.400000
76,26,0.666667
76,28,0.500000
76,32,0.500000
76,33,0.111111
76,35,1.000000
76,36,0.333333
76,40,0.083333
76,43,1.500000
76,45,0.500000
76,46,0.750000
76,49,1.000000
76,50,0.500000
76,51,0.285714
76,52,0.250000
76,53,1.000000
76,54,0.111111
76,55,1.250000
76,56,0.142857
76,57,0.466667
76,58,0.750000
76,59,0.375000
76,60,0.105620
76,61,0.246777
76,62,0.127643
76,63,0.178782
76,64,0.202749
76,65,0.256214
76,66,0.165354
76,67,0.105960
76,68,0.168776
76,69,0.020979
76,70,0.375000
76,71,0.024390
76,72,0.051064
76,73,0.142857
76,74,0.028754
76,75,0.081081
76,76,0.007792
76,77,0.051095
76,82,0.048780
76,83,0.016949
76,91,1.000000
76,92,3.000000
76,93,0.250000
76,94,0.400000
76,96,0.285714
76,98,0.250000
77,9,0.500000
77,15,1.000000
77,21,1.000000
77,23,0.500000
77,26,0.166667
77,27,0.333333
77,30,1.000000
77,31,0.500000
77,33,1.000000
77,34,0.500000
77,42,0.239130
77,44,0.571429
77,46,0.500000
77,47,0.166667
77,48,0.333333
77,49,0.888889
77,50,0.250000
77,51,1.222222
77,52,0.500000
77,53,0.250000
77,54,0.312500
77,55,0.261905
77,56,0.428571
77,57,0.743590
77,58,0.846154
77,59,0.259259
77,60,0.085625
77,61,0.157912
77,62,0.041627
77,63,0.124011
77,64,0.132800
77,65,0.221519
77,66,0.069124
77,67,0.132616
77,68,0.028674
77,69,0.021552
77,70,0.095238
77,71,0.021834
77,72,0.021429
77,73,0.045226
77,74,0.024345
77,75,0.015152
77,76,0.017241
77,77,0.070000
77,82,0.044444
77,83,0.125000
77,92,0.500000
78,8,0.142857
78,11,1.000000
78,17,1.000000
78,18,1.000000
78,22,0.166667
78,26,0.750000
78,27,0.333333
78,32,0.500000
78,34,1.000000
78,35,1.000000
78,41,0.222222
78,42,0.277778
78,43,2.000000
78,44,0.250000
78,45,0.111111
78,46,0.500000
78,47,0.500000
78,48,0.500000
78,49,0.666667
78,52,0.333333
78,53,0.428571
78,54,0.538462
78,55,0.322581
78,56,0.389610
78,57,0.200000
78,58,0.500000
78,60,0.206897
78,61,0.073915
78,62,0.053901
78,63,0.171875
78,64,0.057637
78,65,0.091623
78,66,0.101509
78,67,0.084795
78,68,0.039752
78,69,0.063241
78,70,0.257426
78,71,0.058824
78,72,0.036735
78,73,0.040230
78,74,0.034582
78,75,0.017241
78,76,0.039474
78,77,0.088235
78,78,0.777778
78,79,1.071429
78,82,0.192308
78,83,1.000000
78,86,0.500000
78,97,1.000000
79,2,1.000000
79,4,0.750000
79,7,0.166667
79,8,0.266667
79,26,2.000000
79,30,1.000000
79,31,1.000000
79,35,1.000000
79,39,1.000000
79,40,0.333333
79,42,0.368421
79,48,0.200000
79,52,2.000000
79,53,1.000000
79,55,0.308943
79,56,0.290909
79,57,0.333333
79,58,0.266667
79,59,1.000000
79,60,1.500000
79,61,0.129630
79,62,0.072150
79,63,0.081442
79,64,0.138889
79,65,0.107604
79,66,0.115222
79,67,0.102919
79,68,0.105906
79,69,0.045662
79,71,0.027990
79,72,0.021978
79,73,0.017964
79,75,0.176471
79,76,0.166667
79,77,0.075472
79,78,0.022989
79,89,1.500000
79,90,1.000000
79,94,0.750000
80,4,1.000000
80,6,2.000000
80,11,0.500000
80,18,1.000000
80,29,0.666667
80,38,1.000000
80,41,1.000000
80,44,0.166667
80,46,0.666667
80,47,0.818182
80,48,1.000000
80,49,0.750000
80,50,1.166667
80,53,0.500000
80,54,1.000000
80,55,0.302326
80,56,0.423077
80,57,0.250000
80,58,0.181818
80,61,0.158730
80,62,0.183636
80,63,0.094722
80,64,0.105085
80,65,0.070664
80,66,0.058000
80,67,0.055794
80,68,0.082888
80,69,0.083333
80,70,0.242647
80,71,0.047319
80,72,0.107692
80,73,0.057471
80,74,0.026549
80,75,0.061224
80,76,0.233333
80,77,0.025424
80,78,0.026316
80,80,0.500000
80,82,0.600000
80,84,1.000000
80,91,0.500000
81,12,1.000000
81,13,1.000000
81,22,1.000000
81,24,1.000000
81,27,2.000000
81,28,0.500000
81,29,0.666667
81,30,1.000000
81,31,0.400000
81,39,0.588235
81,41,0.333333
81,43,0.261538
81,45,0.250000
81,47,1.000000
81,48,0.833333
81,49,0.285714
81,50,0.400000
81,51,0.295181
81,52,0.500000
81,53,0.333333
81,54,0.500000
81,55,0.333333
81,56,0.125000
81,57,2.000000
81,58,0.250000
81,61,1.000000
81,62,0.115942
81,63,0.017094
81,64,0.061187
81,65,0.218391
81,66,0.024602
81,67,0.056213
81,68,0.052288
81,69,0.066038
81,70,0.525714
81,71,0.036842
81,72,0.009091
81,73,0.087379
81,74,0.072727
81,75,0.027027
81,76,0.006452
81,77,0.084615
81,78,1.000000
81,88,1.333333
81,89,0.500000
81,90,1.000000
81,92,2.000000
82,10,0.333333
82,13,0.500000
82,24,1.000000
82,25,0.500000
82,32,0.500000
82,35,0.500000
82,38,2.000000
82,41,1.000000
82,42,0.333333
82,43,0.444444
82,44,0.866667
82,45,0.200000
82,47,2.000000
82,50,0.500000
82,51,0.416667
82,52,0.600000
82,53,1.000000
82,54,0.333333
82,55,0.583333
82,56,0.444444
82,57,0.500000
82,61,1.000000
82,62,0.421053
82,63,0.052632
82,64,0.011094
82,65,0.208743
82,66,0.029240
82,67,0.125000
82,68,0.150997
82,69,0.067873
82,70,0.020408
82,71,0.089385
82,72,0.029412
82,73,0.038760
82,74,0.021739
82,75,0.011628
82,76,0.015152
82,77,0.025641
82,81,2.000000
82,82,5.000000
82,83,0.727273
82,85,1.000000
82,88,0.500000
82,89,0.500000
82,90,2.000000
82,92,0.500000
82,93,1.000000
83,11,1.000000
83,18,0.500000
83,29,0.333333
83,30,1.000000
83,41,0.666667
83,43,0.200000
83,44,0.333333
83,45,0.333333
83,47,0.333333
83,49,0.400000
83,50,0.400000
83,51,0.250000
83,53,0.333333
83,54,0.222222
83,55,0.666667
83,56,0.142857
83,57,1.000000
83,58,0.333333
83,59,0.714286
83,61,3.000000
83,63,0.018237
83,64,0.021851
83,65,0.059701
83,66,0.092308
83,67,0.046809
83,68,0.154867
83,69,0.042553
83,70,0.061033
83,71,0.055556
83,72,0.058824
83,73,0.019802
83,74,0.040000
83,75,0.030612
83,76,0.095652
83,77,0.021505
83,83,1.333333
83,87,1.000000
83,92,1.500000
84,23,1.000000
84,30,4.000000
84,41,1.000000
84,43,0.090909
84,44,0.266667
84,45,1.500000
84,46,1.000000
84,49,0.600000
84,50,0.571429
84,54,0.395833
84,55,0.428571
84,56,0.125000
84,58,0.142857
84,59,0.210526
84,60,0.818182
84,63,0.037975
84,64,0.017461
84,65,0.028405
84,66,0.050987
84,67,0.036717
84,68,0.062500
84,69,0.036496
84,71,0.077922
84,72,0.035461
84,73,0.047619
84,74,0.064103
84,76,0.028169
84,77,0.111111
84,78,0.545455
84,79,1.000000
84,81,0.066667
84,82,0.750000
84,90,1.000000
85,12,0.400000
85,13,0.312500
85,19,1.000000
85,24,1.000000
85,27,0.666667
85,28,2.000000
85,29,1.024590
85,31,1.000000
85,36,1.000000
85,43,0.333333
85,44,0.333333
85,45,0.250000
85,46,0.250000
85,48,0.285714
85,49,0.250000
85,50,0.500000
85,51,0.333333
85,56,0.185185
85,57,0.250000
85,58,0.500000
85,59,0.230769
85,60,0.379310
85,64,0.004684
85,65,0.026371
85,66,0.030441
85,67,0.053846
85,68,0.272727
85,69,0.384615
85,70,1.000000
85,71,0.034483
85,72,0.023121
85,73,0.063063
85,74,0.027027
85,75,0.027027
85,76,0.037037
85,77,1.000000
85,78,0.214286
85,79,0.166667
85,81,0.100000
86,14,1.000000
86,16,0.500000
86,28,1.000000
86,29,2.000000
86,33,0.333333
86,40,0.500000
86,41,1.200000
86,44,0.461538
86,45,0.500000
86,46,0.250000
86,47,0.500000
86,48,0.200000
86,49,0.166667
86,52,1.000000
86,53,2.000000
86,55,0.444444
86,57,0.428571
86,58,0.250000
86,60,0.181818
86,64,0.018182
86,65,0.018433
86,66,0.034305
86,67,0.057325
86,68,0.142857
86,69,0.192982
86,70,0.063927
86,71,0.064885
86,72,0.090604
86,73,0.059322
86,74,0.057143
86,75,0.083333
86,76,0.500000
86,77,0.333333
86,78,0.153846
86,79,0.058824
86,80,0.111111
86,81,1.000000
86,83,0.090909
86,84,0.285714
86,85,1.000000
87,14,1.000000
87,15,0.333333
87,29,0.666667
87,33,1.000000
87,34,0.333333
87,39,0.500000
87,42,1.500000
87,47,0.333333
87,49,0.500000
87,50,0.400000
87,51,0.230769
87,52,0.750000
87,53,1.000000
87,56,0.333333
87,57,0.300000
87,58,0.250000
87,59,0.333333
87,60,0.500000
87,61,0.600000
87,64,0.068966
87,65,0.023973
87,66,0.002653
87,67,0.068627
87,69,0.200000
87,70,0.018519
87,71,0.025641
87,72,0.042857
87,73,0.029412
87,75,0.133333
87,76,0.058824
87,77,0.444444
87,78,0.600000
87,79,0.033333
87,80,0.047619
87,81,0.153846
87,82,0.300000
87,83,0.500000
87,85,0.250000
88,23,0.500000
88,24,0.400000
88,28,0.250000
88,37,0.296296
88,38,2.000000
88,45,2.000000
88,47,0.500000
88,49,0.250000
88,50,0.500000
88,51,0.105263
88,52,0.200000
88,53,0.333333
88,56,0.454545
88,57,0.500000
88,64,0.011905
88,65,0.013672
88,66,0.022951
88,67,0.039474
88,68,0.500000
88,69,0.285714
88,70,0.042553
88,71,0.052632
88,72,0.017544
88,73,0.049020
88,74,0.037736
88,75,0.111111
88,77,0.250000
88,79,0.200000
88,83,0.142857
89,8,0.333333
89,45,0.333333
89,46,2.000000
89,47,0.130435
89,49,0.400000
89,51,0.166667
89,52,0.625000
89,53,1.000000
89,54,0.666667
89,57,0.800000
89,65,0.023166
89,66,0.011952
89,67,0.057471
89,68,0.125000
89,69,0.132530
89,70,0.076923
89,71,0.066667
89,72,0.172414
89,74,0.105263
89,75,0.272727
89,76,0.333333
89,77,0.181818
89,78,0.750000
89,79,0.038462
89,83,0.149123
89,84,0.047619
90,26,0.500000
90,34,1.000000
90,40,1.000000
90,44,0.500000
90,46,0.400000
90,49,0.500000
90,51,0.250000
90,55,0.750000
90,57,0.166667
90,59,0.333333
90,65,0.153846
90,66,0.032000
90,67,0.076923
90,68,0.090909
90,69,0.250000
90,70,0.307692
90,73,0.250000
90,75,0.200000
90,78,0.384615
90,79,0.041667
90,80,0.230769
90,81,0.200000
90,82,0.272727
90,83,0.166667
90,84,0.222222
90,85,0.500000
90,90,0.800000
90,97,1.000000
91,6,0.500000
91,15,1.000000
91,21,1.000000
91,24,1.000000
91,25,1.000000
91,29,0.500000
91,34,0.500000
91,35,0.250000
91,36,1.000000
91,39,0.444444
91,40,0.250000
91,41,0.571429
91,42,0.125000
91,46,0.333333
91,47,0.400000
91,54,2.000000
91,56,0.250000
91,57,0.250000
91,58,0.500000
91,65,0.142857
91,66,0.037037
91,67,0.230769
91,71,0.200000
91,75,0.250000
91,76,0.444444
91,77,0.285714
91,80,0.333333
91,81,0.555556
91,82,1.333333
91,83,0.600000
92,34,1.000000
92,37,1.000000
92,41,0.500000
92,46,0.500000
92,50,1.000000
92,53,0.333333
92,55,0.333333
92,56,0.500000
92,57,0.354839
92,65,0.200000
92,67,0.100000
92,69,0.333333
92,72,0.125000
92,73,0.250000
92,74,0.250000
92,75,0.035714
92,77,0.200000
92,79,0.200000
92,80,0.500000
92,81,0.357143
92,82,0.571429
92,83,0.500000
92,85,0.250000
92,86,0.833333
92,87,0.250000
93,33,2.000000
93,34,0.800000
93,35,1.000000
93,36,0.666667
93,38,0.428571
93,42,2.000000
93,46,0.500000
93,47,1.000000
93,49,0.500000
93,52,0.400000
93,58,0.500000
93,59,0.500000
93,65,0.500000
93,70,0.200000
93,71,0.200000
93,73,0.100000
93,75,0.090909
93,78,0.333333
93,82,0.166667
93,83,0.800000
93,86,0.142857
94,24,0.500000
94,26,1.000000
94,39,0.500000
94,40,0.600000
94,41,0.250000
94,46,0.333333
94,48,1.000000
94,49,0.906977
94,50,1.000000
94,53,0.117647
94,58,2.500000
94,62,0.333333
94,64,1.000000
94,66,0.114754
94,67,0.555556
94,68,0.200000
94,70,0.083333
94,71,0.500000
94,72,0.500000
94,73,0.095238
94,74,0.125000
94,77,0.400000
94,81,0.400000
94,83,1.500000
94,84,0.250000
94,85,0.200000
94,86,0.200000
94,87,0.136364
94,88,0.200000
94,90,0.500000
95,30,1.000000
95,34,0.666667
95,35,0.500000
95,36,1.000000
95,37,0.500000
95,59,1.000000
95,60,1.000000
95,61,0.500000
95,64,1.000000
95,66,0.074074
95,68,0.111111
95,72,0.166667
95,75,0.058824
95,76,0.195652
95,77,0.029412
95,81,0.250000
95,82,0.222222
95,85,0.166667
95,86,0.250000
95,89,0.909091
96,35,0.333333
96,41,0.181818
96,42,0.500000
96,48,1.000000
96,49,0.333333
96,50,1.000000
96,61,1.000000
96,66,2.000000
96,72,0.142857
96,73,0.500000
96,75,0.025641
96,76,0.051282
96,77,0.058824
96,78,0.083333
96,79,0.666667
96,85,0.666667
96,87,0.125000
96,88,0.500000
96,89,0.750000
97,12,0.333333
97,31,1.000000
97,32,0.666667
97,40,0.500000
97,44,1.000000
97,46,1.000000
97,47,0.750000
97,56,0.200000
97,58,0.500000
97,68,0.500000
97,70,0.400000
97,74,0.222222
97,75,0.090909
97,79,0.142857
97,82,0.250000
97,86,0.142857
97,89,1.000000
97,90,0.333333
97,94,1.000000
98,19,0.500000
98,36,0.500000
98,40,1.000000
98,41,1.000000
98,42,0.600000
98,49,1.000000
98,56,0.333333
98,63,1.000000
98,67,0.142857
98,69,0.200000
98,70,0.500000
98,72,0.142857
98,74,0.090909
98,75,0.333333
98,76,0.250000
98,77,0.166667
98,78,0.500000
98,79,0.500000
98,87,1.000000
98,90,0.352941
98,91,0.500000
98,94,0.500000
99,19,1.000000
99,47,1.000000
99,57,1.000000
99,58,0.333333
99,59,1.000000
99,68,0.285714
99,77,0.333333
99,80,0.400000
99,81,0.200000
99,87,0.333333
99,89,0.250000
99,93,0.666667
99,97,1.000000
