1.031660677378992259e+05 1.490428162044108149e+03 4.047911119971949120e+03 4.865289412160370375e+03 2.437209913141174638e+03
1.029125787323943223e+05 1.487375069537571790e+03 4.044993246978006937e+03 4.842725109916292240e+03 2.434798100913513736e+03
1.031886905840022373e+05 1.489128467703682873e+03 4.047619100546187383e+03 4.846971326057066108e+03 2.438431555709857548e+03
1.029080977488113276e+05 1.480894343713214312e+03 4.047309622810966630e+03 4.846741887564378885e+03 2.430041539823927451e+03
1.029236094934909197e+05 1.489315883125892697e+03 4.044155486570215544e+03 4.843460913728888045e+03 2.433142995436179262e+03
1.028963894370610797e+05 1.489641449168743520e+03 4.033327166211346594e+03 4.867989842967156619e+03 2.436809197828112701e+03
1.027869551649861824e+05 1.490292417778272238e+03 4.013089827917185175e+03 4.866535367332827263e+03 2.439902359811789211e+03
1.028952665399178659e+05 1.482554917911406619e+03 4.035998547109735682e+03 4.865712159706561579e+03 2.427458559454169517e+03
1.029023084862288961e+05 1.485982103766336877e+03 4.035397848833619264e+03 4.842581239749097222e+03 2.437594198759306892e+03
1.028000202742003021e+05 1.491139332772536591e+03 4.041705628021970369e+03 4.840520945149364707e+03 2.440343596600084311e+03
1.028026678789801517e+05 1.501269239630285028e+03 4.032152435354662430e+03 4.847652666259285070e+03 2.443047974300425267e+03
1.027896699447861611e+05 1.492349522854488896e+03 2.344186589970213390e+03 4.839898930224848300e+03 2.429089345715989566e+03
1.028190866699805774e+05 1.481033960673556976e+03 3.853137064984208337e+03 4.843299473704057164e+03 2.437856593618701027e+03
1.028297562861267361e+05 1.480961378482592409e+03 4.030469608484788751e+03 4.846597093060339830e+03 2.434564822854330487e+03
1.025319971123692230e+05 1.487068456977430515e+03 4.032640070598864440e+03 4.839488522256262513e+03 2.431934565942359313e+03
1.027814171245252219e+05 1.484368403228334500e+03 3.092549734551998881e+03 4.841998886234925521e+03 2.431089983696037507e+03
8.729443183037229755e+04 9.647543148718892780e+02 3.134623688720428163e+03 4.819439403709106955e+03 2.386117793549486578e+03
1.020121473569787340e+05 1.262290015458971084e+03 3.028688310644020021e+03 4.085741731669505498e+03 2.435317259780761106e+03
1.027824241917833860e+05 1.469094412826976622e+03 3.132914956667153092e+03 4.845330047673110130e+03 2.438006965742104512e+03
1.027220534206604061e+05 1.465612839136712864e+03 3.606564493120135012e+03 4.796364261555038865e+03 2.430828502755520731e+03
1.028582301543965441e+05 1.479561414342226954e+03 3.997018808334909863e+03 4.667839854716091395e+03 2.430733652630655797e+03
1.028182330059943342e+05 1.099064660575205380e+03 3.868078207045750787e+03 3.881587518524458574e+03 2.383943659285512240e+03
1.029488186885305477e+05 1.182631113730347124e+03 3.987209511122425738e+03 4.506396706750707381e+03 2.436629938710317674e+03
1.028834212766807323e+05 1.177114587368188722e+03 3.811615017419433116e+03 4.787348266635824075e+03 2.410592911938740144e+03
1.028287613894400856e+05 1.097146036098920376e+03 3.707977912182610908e+03 3.922430691061410016e+03 2.310189697619558956e+03
1.030628955736995704e+05 1.486088527261899344e+03 4.048093025556498105e+03 4.858325896004567767e+03 2.442492560672963464e+03
1.030624844956837333e+05 1.483905729599178585e+03 4.036157840982606558e+03 4.856290274222297739e+03 2.434010696833251586e+03
1.030599293533547025e+05 1.489061016693060992e+03 4.048997617337343854e+03 4.855651040217196169e+03 2.436417987342163997e+03
1.030827919724781241e+05 1.496021957584458505e+03 4.042133270628173705e+03 4.859685635594278210e+03 2.436203028125024048e+03
1.030835907324346481e+05 1.477600560602879796e+03 4.036471791956556899e+03 4.841818090825468062e+03 2.431492625584577127e+03
1.030877068676247291e+05 1.499184745984373421e+03 4.050892032634542375e+03 4.849939331942380704e+03 2.443300547828248455e+03
1.030803823629389080e+05 1.474763043355013906e+03 4.028826053808696997e+03 4.832344336734816352e+03 2.438857459479825138e+03
1.028470100102610595e+05 1.490567270710163029e+03 4.033072514483427767e+03 4.859265315583456868e+03 2.437205466275687286e+03
1.030651269669427129e+05 1.489556631043210700e+03 4.049496093515734174e+03 4.844991025016001913e+03 2.443606044146551085e+03
1.024063063249966362e+05 1.479660423647754669e+03 4.031548188502487392e+03 4.843426554140826738e+03 2.440688204253099229e+03
1.028261816433614440e+05 1.484000140675849707e+03 4.033567855016277917e+03 4.832126335129582003e+03 2.439561082074304522e+03
1.028403061410937808e+05 1.479704486616712302e+03 4.035124016633267274e+03 4.824764850386324724e+03 2.437406574994721723e+03
1.027789942976830935e+05 1.480504034164644963e+03 4.011526705512786066e+03 4.842725765515446255e+03 2.441503846751732453e+03
1.028392161057002086e+05 1.485217176153580112e+03 4.020367561936816401e+03 4.522751606725296369e+03 2.437919762109177555e+03
1.028319635026276519e+05 1.489049900586732065e+03 4.034531923792051657e+03 4.841393062104370074e+03 2.437532661825890500e+03
9.716085575412928301e+04 1.384690940420409106e+03 3.997229072374412681e+03 4.652807673328938108e+03 2.433801669957485501e+03
9.860664689071508474e+04 1.327671947918548312e+03 3.118239994060881600e+03 4.730055341627080452e+03 2.430918583174266132e+03
9.882468709379016946e+04 1.485602094216516889e+03 4.028777585821590947e+03 4.640290869390092666e+03 1.962655379790550796e+03
9.765662865599663928e+04 1.489301587836685030e+03 3.667696087410825839e+03 4.843979056288981155e+03 2.387654337983306050e+03
9.491683056835224852e+04 1.200104690571178935e+03 3.662487860053107852e+03 4.749996741525696052e+03 2.376145533549159154e+03
9.709736383403751825e+04 1.436697139548808991e+03 4.040896923898021214e+03 4.594803425855949172e+03 2.344400684876113246e+03
9.732342725436948240e+04 1.081983639066830165e+03 3.865847995108648320e+03 4.549549968845906733e+03 1.917228515706245162e+03
9.706228728445983143e+04 1.350328689569612152e+03 3.830702979342197978e+03 3.740335814738215049e+03 2.306664010607908494e+03
1.024397025490009546e+05 1.475853021105890548e+03 3.679202846145843978e+03 4.679798345872696700e+03 2.346425341348840902e+03
1.023889220639044070e+05 1.347723620008858234e+03 3.707300365217872240e+03 4.808586612480851727e+03 2.345724460450012884e+03
1.030895268042472308e+05 1.497450458829225681e+03 4.059309401091841664e+03 4.868867855987455187e+03 2.435270725124949422e+03
1.030837424921803322e+05 1.489211221168248812e+03 4.051915848314948562e+03 4.860251260236902453e+03 2.434272083921923695e+03
1.030828217797859979e+05 1.495159675321886652e+03 4.041278593045258731e+03 4.852767137437537713e+03 2.441048457749004683e+03
1.030839780239660613e+05 1.495489865874266798e+03 4.050894886513243819e+03 4.857044540608319039e+03 2.420697323140810113e+03
1.030490712982700061e+05 1.473190184228892576e+03 4.052512080894595783e+03 4.846032282261804539e+03 2.439060995773530067e+03
1.030873717871902336e+05 1.500011977919582478e+03 4.052405095547459950e+03 4.858256396382485036e+03 2.438883352940380973e+03
1.030689280971684202e+05 1.497206500886947651e+03 4.041630236066125690e+03 4.835401060708953992e+03 2.435652871317011432e+03
1.030883163437458425e+05 1.496251188477869846e+03 4.048559406385692000e+03 4.846071696712820994e+03 2.433112565828019342e+03
1.030845478634534811e+05 1.498920420419871562e+03 4.056515712275567694e+03 4.848746346221441854e+03 2.440046960249464064e+03
1.027104658178961545e+05 1.488299767272729241e+03 4.050747934505442117e+03 4.640988410380494315e+03 2.441215099023024777e+03
1.030828557065529749e+05 1.487228589638165658e+03 4.047525759455613752e+03 4.829852619375260474e+03 2.442917430122180576e+03
1.028386951937122212e+05 1.364443625045954150e+03 4.018082647218436705e+03 4.639557635750078589e+03 2.437570391606225257e+03
1.028142469289098080e+05 1.479295874560224547e+03 4.049644029373203466e+03 4.849041844132118058e+03 2.431031651955738653e+03
1.030573788756545546e+05 1.482201077807803358e+03 4.025546299542444558e+03 4.847918414248211775e+03 2.438456954404159205e+03
1.030242790263546922e+05 1.364889060161642874e+03 4.036961299192431397e+03 4.843699630535038523e+03 2.443793686996526503e+03
1.004048337431358814e+05 1.384319027325985644e+03 4.039913594580229983e+03 4.830673832249526640e+03 2.438936980296570709e+03
1.022849734545580286e+05 1.377641402871565333e+03 4.013478485923655626e+03 4.810649849488988366e+03 2.329657785798423447e+03
1.022777514341985516e+05 1.385146880135295532e+03 4.027640895963315415e+03 4.633656075745356247e+03 2.431648563614599425e+03
1.023569167504879733e+05 1.211777717954056925e+03 4.031267359939354719e+03 4.847093091398974138e+03 2.442229736510457315e+03
1.018949107233440882e+05 1.359068263221985490e+03 4.035463499194843735e+03 4.837322719679009424e+03 2.435983089828243465e+03
9.708355101844792080e+04 1.353177750333647964e+03 3.723290414939162929e+03 4.619730259925209793e+03 2.436121183890909833e+03
1.019690918355755421e+05 1.190233058545481299e+03 3.729574526338236865e+03 4.653226423555032852e+03 2.344454862519170092e+03
9.772059632615436567e+04 1.448321579100744657e+03 3.726871370415164165e+03 4.681808612428632841e+03 2.424361816507897402e+03
9.689777616028753982e+04 1.389513590587411954e+03 4.025318321146844028e+03 4.684784738034481052e+03 2.429525649496330516e+03
9.765692305291917000e+04 1.366430538335163419e+03 3.731746368057954442e+03 4.584962699408394656e+03 2.434201535052137842e+03
1.031922286330869247e+05 1.502357327110381220e+03 4.051840174757058776e+03 4.869607369831463075e+03 2.438257736564621155e+03
1.030919632217989129e+05 1.487918158380815385e+03 4.047141630016364616e+03 4.854774447948063425e+03 2.432401550761393082e+03
1.031928013692612003e+05 1.492297296081600507e+03 4.058443286212398561e+03 4.862390176709865955e+03 2.440359295647567251e+03
1.030820754425418709e+05 1.493631139593547459e+03 4.040854473720743044e+03 4.867193993783106635e+03 2.430487643717216088e+03
1.028520875082907878e+05 1.492063551521168165e+03 4.040641641317224185e+03 4.851350253167904157e+03 2.417850356953410937e+03
1.030815727643133723e+05 1.496920248180353155e+03 4.049957672876530523e+03 4.850503654827194623e+03 2.439347517692693145e+03
1.030882544070503209e+05 1.499910312156010377e+03 4.041247609765965080e+03 4.849153978530147469e+03 2.434970118768193970e+03
1.030502712705611921e+05 1.495264731129488837e+03 4.052009280821326229e+03 4.836173165566880925e+03 2.436397591431762976e+03
1.030050733292229270e+05 1.494201739079637946e+03 4.047617456292918632e+03 4.840642165170746011e+03 2.433487043759263088e+03
1.030412790351555450e+05 1.481150634599725208e+03 4.032290746357118223e+03 4.835657805254018967e+03 2.430563410631044462e+03
1.030799218737282790e+05 1.487605063731101382e+03 4.044976911867635863e+03 4.848700216176987851e+03 2.436169644459373558e+03
1.028979194948716176e+05 1.482384928700398859e+03 4.029465626432795943e+03 4.833761800567327555e+03 2.438837543242999345e+03
1.030500131426932057e+05 1.389324246713531238e+03 4.052139353681207012e+03 4.842550457041113077e+03 2.435805433641118270e+03
1.030393363675684232e+05 1.490142656530730164e+03 4.050231039176907871e+03 4.804710896495764246e+03 2.438845447017132301e+03
1.030834370897523331e+05 1.483681860801310677e+03 4.035611053960648860e+03 4.822496836241075471e+03 2.435407507814219116e+03
1.029890171808267623e+05 1.480440912142405068e+03 4.035334671466561304e+03 4.824327438780512239e+03 2.425785537248696073e+03
1.028430002525634627e+05 1.342409480609995626e+03 3.877330796496704352e+03 4.631038422313609772e+03 2.278799115701665869e+03
1.030014456628838379e+05 1.481637194864457342e+03 4.033286364151154885e+03 4.824108719427042161e+03 2.392710758237857590e+03
1.028487977763436502e+05 1.428088883161631202e+03 3.920597082718861657e+03 4.823122993946252791e+03 2.437557379011084777e+03
1.000794186109240691e+05 1.382796817496973745e+03 4.031390490733292609e+03 4.618865686934601399e+03 2.431587931543074774e+03
1.016211966521684517e+05 1.442280256175972454e+03 4.041021962528006497e+03 4.618511890168097125e+03 2.436579984911553765e+03
9.995078626534827345e+04 1.383250371510142259e+03 3.871739990469251097e+03 4.525958694057146204e+03 2.335461568643528153e+03
1.027247964017463382e+05 1.385271583347022897e+03 4.028043688567971003e+03 4.542899620672438687e+03 2.443585265960407014e+03
1.024469586499984580e+05 1.476814806392631453e+03 3.828412998511138539e+03 4.619925956710462742e+03 2.438113276315250459e+03
1.025630016361240996e+05 1.388595070217648299e+03 4.032151535607491041e+03 4.620530399392890104e+03 2.441604917672906140e+03
1.029514432541636925e+05 1.499358614982308382e+03 4.054055320600236428e+03 4.868687650449439388e+03 2.441576650772018183e+03
1.028305275711992726e+05 1.492547153423596910e+03 4.046975348562168165e+03 4.846809793684365104e+03 2.430766099446501357e+03
1.031872027833863685e+05 1.494151853520107579e+03 4.050886355135774465e+03 4.861587899813021068e+03 2.439670178375065916e+03
1.031616808492080308e+05 1.490982197270354845e+03 4.051293599713320873e+03 4.867140075065282872e+03 2.434766339091985628e+03
1.028320620583958080e+05 1.485969176074833968e+03 4.050059694723068787e+03 4.857162729093650341e+03 2.427129907946703952e+03
1.031898833371583896e+05 1.496901483675054351e+03 4.055785020507440549e+03 4.866600737250231759e+03 2.443556914233684438e+03
1.030857439189508150e+05 1.497819712033691303e+03 4.050760980431465669e+03 4.855913413267875512e+03 2.439737981598771512e+03
1.031892027830110455e+05 1.495566571514767247e+03 4.053744820601116317e+03 4.848405793177136729e+03 2.441358126962249571e+03
1.030529517122581019e+05 1.488273750246960390e+03 4.038688295198114702e+03 4.854398887858268608e+03 2.437090693398996336e+03
1.023562172559647006e+05 1.481713881429599724e+03 4.055577198820815283e+03 4.841873893578476782e+03 2.438524129265440024e+03
1.030851688066541683e+05 1.484735838617672471e+03 4.044180797035107389e+03 4.869889164183597131e+03 2.440788807337095932e+03
1.030262769191275002e+05 1.468666638014990440e+03 4.032368773450451499e+03 4.846085076781139833e+03 2.436744208533562414e+03
1.030642637598846777e+05 1.482967101827878423e+03 4.048902379460657812e+03 4.853596613959472052e+03 2.434958501143762987e+03
1.029916272260782134e+05 1.429159650807397384e+03 4.050710402992999207e+03 4.854512507244000517e+03 2.438885894254951836e+03
1.030644102978367155e+05 1.420266907595236717e+03 4.033351600325773688e+03 4.833810760728999412e+03 2.437632098595749085e+03
1.030196039261511032e+05 1.483923489797622096e+03 4.048844734620347481e+03 4.854638726487495660e+03 2.439899022842228987e+03
1.028496860738882824e+05 1.360557841090296961e+03 4.000967870857060007e+03 4.842979153425403638e+03 2.432364554652186143e+03
1.029472601068361400e+05 1.481998033253340282e+03 4.046134422970539617e+03 4.841657579229808107e+03 2.425598197464198620e+03
1.030282050409423100e+05 1.449492549956793482e+03 4.027612741013192135e+03 4.841595532228657248e+03 2.436990551021352076e+03
9.819488736272684764e+04 1.382334488274267187e+03 4.002665732323654993e+03 4.814685277417142061e+03 2.428376276339572087e+03
1.029105751350075734e+05 1.387594866760748346e+03 4.042130981137594063e+03 4.830905459031117971e+03 2.432219325881964778e+03
1.027981398159141536e+05 1.384197651049768183e+03 4.012081912689158344e+03 4.684773068393206813e+03 2.430411625230670325e+03
1.028938883557996451e+05 1.382683248866416307e+03 4.029679641248967073e+03 4.770647329003819323e+03 2.428470402295128679e+03
1.027179808885780512e+05 1.381794341930921746e+03 4.036445554610083491e+03 4.850329566992190848e+03 2.430903490849766968e+03
1.024061249657597655e+05 1.370481632851111044e+03 4.009869597882757262e+03 4.837850269859040054e+03 2.424432583775238982e+03
